1.991e+007,266,61,25503,2,1,2,1,1,2,3,1,1,2,3,821,2,3,3,1911,55,46,0.2,17,78,0.75,20,13.1,1700,50.5,36.4,0,0,2.5,1,34,40,105,100
1.991e+007,306,61,25503,2,1,2,1,1,2,3,1,1,2,3,821,2,3,3,NaN,55,46,0.3,15,80,0.75,20,6.6,1900,54.9,38.5,0,0,2.5,0.7,34,40,105,100
1.991e+007,11,49,47201,2,1,2,1,1,2,1,1,1,2,4,815,9,1,3,NaN,62,40,0.433,16,80,NaN,30,6.5,1850,53.8,39.8,0,0,2.8,0.9,40,40,103.87,100
1.991e+007,222,47,39039,2,1,2,1,1,2,3,1,1,2,4,816,9,1,3,1910,52,40,0.3,16,75,0.3125,30,5.6,1467,55.6,38.8,0,0,2.5,1.3,40,40,108.06,100
1.991e+007,154,44,37351,1,1,2,1,1,2,1,1,1,2,4,816,2,3,NaN,1910,50,46,0.3,17,80,0.75,30,0,2100,57.5,42.5,5,0,2.3,0.6,35,40,106.67,100
1.991e+007,228,47,38039,2,1,2,1,1,2,3,1,1,2,4,816,2,1,3,1910,50,40,0.267,16.8,76,0.4375,28,8.6,1467,53.8,37.6,5,0,2.5,0.8,40,40,103.87,100
1.991e+007,301,55,35751,1,1,2,1,1,1,1,1,1,2,3,827,2,3,1,1911,50,46,0.3,16.5,75,0.75,30,0,2600,62.5,37.5,6,0,2.5,0.6,30,40,106.67,100
1.991e+007,369,55,35751,1,1,2,1,1,1,1,1,1,2,3,827,9,3,2,1911,50,46,0.2,16.5,75,0.75,28,0,2600,62.5,37.5,6,0,2.5,1.1,30,40,106.67,100
1.991e+007,176,49,47201,2,1,2,1,1,2,3,1,3,2,1,802,7,1,3,1910,50,45,0.367,12,70,0.75,60,0,1650,60.2,39.8,1.5,0,3,1,40,40,103.22,100
1.991e+007,133,16,37000,2,1,2,1,1,2,3,1,1,2,4,815,2,1,3,1911,65,43,0.333,16,75,1,32,22.7,1750,45.5,31.8,0,0,3,1,38,40,106.66,100
1.991e+007,137,16,37000,2,1,2,1,1,2,3,1,1,2,4,815,9,1,3,1910,65,43,0.2,16,68,0.75,30,15.5,1750,48.5,35.9,0,0,3,1,38,40,106.6,100
1.991e+007,327,36,35539,2,1,2,1,1,2,3,1,1,2,3,821,2,3,3,1911,50,50,0.367,14,80,0.75,40,10.5,1700,52.6,36.8,0,0,2.5,1,38,40,105,100
1.991e+007,350,35,35539,2,1,2,1,1,2,3,1,1,2,3,821,7,3,3,1911,50,50,0.3,15,70,1,30,10,1600,50,40,0,0,2.8,1,38,40,106.66,100
1.991e+007,379,30,23052,2,1,2,1,1,2,3,1,1,2,3,821,7,3,3,1911,40,45,0.3,14.5,70,0.625,25,0,1500,59.5,40.5,0,0,2,1,40,40,100,100
1.991e+007,309,35,35539,2,1,2,1,1,2,3,1,1,2,3,821,2,3,3,1911,50,43,0.267,16,75,1,20,15.8,1600,49.5,34.7,0,0,2.5,1,38,40,103.22,100
1.991e+007,32,49,47201,NaN,1,2,1,1,1,1,1,1,1,2,813,9,1,3,1911,NaN,45,0.233,15,87,1,NaN,0,1400,62.5,37.5,0,0,2.5,1,40,40,103.22,100
1.991e+007,47,38,38064,1,1,2,1,1,1,1,1,1,1,2,813,5,1,1,1911,30,45,0.2,14,65,NaN,NaN,0,1600,62.5,37.5,0,0,2.5,0.8,33,40,100,100
1.991e+007,54,38,38064,1,1,2,1,1,1,1,1,1,1,2,813,1,1,1,1911,30,45,0.2,15.5,65,NaN,NaN,5.9,1600,58.8,35.3,0,0,2.5,1.8,33,40,100,100
1.991e+007,220,62,35521,2,1,2,1,1,2,3,1,1,2,2,813,5,1,1,1910,60,38,0.267,16.4,64,0.75,NaN,11,1400,54.9,34.1,0,0,2.5,1,32,40,103.22,100
1.991e+007,70,62,35521,2,1,2,1,1,2,3,1,1,2,2,813,1,1,1,1911,60,38,0.333,16.5,66,0.75,NaN,6.7,1400,56.2,37.1,0,0,1.1,1.4,32,40,103.22,100
1.991e+007,374,18,37571,1,1,2,1,1,1,1,1,2,1,3,824,2,3,1,1911,50,45,0.233,16,70,0.8125,30,0,2400,58.8,41.2,0,0,1.7,1,30,40,107.4,100
1.991e+007,384,18,35751,1,1,2,1,1,1,1,1,2,2,3,824,9,3,1,1911,40,45,0.2,15,76,0.8125,30,0,2400,62.5,37.5,0,0,1,1,30,40,107.4,100
1.991e+007,282,64,37340,1,1,2,1,1,1,1,1,1,2,3,824,2,3,1,1911,30,43,0.2,16.3,70,0.8125,25,1.2,2200,58.1,40.7,4,0,2,1,30,40,96.875,100
1.991e+007,193,59,35816,1,1,2,1,1,1,1,1,1,2,3,827,2,2,1,1911,40,41,0.2,15.8,72,1,30,0,2000,62.5,37.5,0,0,2.5,1,30,40,107.4,100
1.991e+007,24,44,37352,1,1,2,1,1,1,1,1,1,2,3,827,9,3,4,1911,40,42,0.2,14.5,74,1,25,8,2100,57.5,34.5,0,0,2.3,0.7,35,40,107.4,100
1.991e+007,22,44,37352,1,1,2,1,1,1,1,1,1,2,3,827,9,3,4,1911,45,42,0.2,14,70,1,20,8,1850,57.5,34.5,0,0,2,0.7,35,40,107.4,100
1.991e+007,19,44,37352,1,1,2,1,1,2,1,1,1,2,3,827,9,3,4,1911,50,45,0.3,15,76,1,30,8,2150,57.5,34.5,0,0,2.5,1,35,40,107.4,100
1.991e+007,14,44,37352,1,1,2,1,1,2,1,1,1,2,3,827,2,3,4,1911,50,45,0.3,15.2,72,1,25,5.9,2150,58.8,35.3,0,0,2.5,1,35,40,107.4,100
1.991e+007,312,65,37080,1,1,2,1,1,1,1,1,1,1,3,828,2,3,1,1911,35,42,NaN,15,75,0.75,30,0,2100,58.8,41.2,0,0,2,0.8,30,40,107.4,100
1.991e+007,314,5,37157,1,1,2,1,1,1,1,1,1,1,3,828,2,3,1,1910,30,45,0.233,17,70,0.75,35,0,2200,58.8,41.2,0,0,2.5,1,33,40,106.45,100
1.991e+007,165,44,37352,1,1,2,1,1,2,1,1,1,2,4,815,2,3,3,1911,37.5,44,0.2,16,90,0.75,28,20,2050,45,35,0,0,2.4,0.8,35,40,107.4,100
1.991e+007,160,44,37352,1,1,2,1,1,2,1,1,1,2,4,815,9,3,3,1911,37.5,44,0.2,16.5,91,0.75,30,21.7,2050,43.5,34.8,0,0,2.7,0.8,35,40,107.4,100
1.991e+007,274,61,25507,2,1,2,1,1,2,3,1,1,2,3,821,2,3,NaN,1911,45,44,0.267,14.1,78,0.625,22,7.6,1510,54.3,38,0,0,2.5,0.7,34,40,114.28,100
1.991e+007,380,61,25507,2,1,2,1,1,2,3,1,1,2,3,821,7,3,NaN,1910,40,44,0.2,14,69,0.625,20,8.5,1510,53.2,38.3,2,0,2.5,0.9,34,40,110,100
1.991e+007,247,66,37080,1,1,2,1,1,1,1,1,1,1,3,828,2,3,NaN,1911,40,47,0.333,17,78,0.75,35,0,2400,58.8,41.2,4,0,2.5,1,30,40,100,100
1.991e+007,169,3,27490,1,1,2,1,1,1,1,1,1,2,2,813,1,1,NaN,1911,30,42,0.2,15.4,64,0.875,NaN,0,1425,63,37,0,0,1,1.3,34,40,107.4,100
1.991e+007,215,59,35811,1,1,2,1,1,1,1,1,1,2,4,815,2,2,1,1910,45,38,NaN,15,80,0.625,30,7,1600,58.1,34.9,0,0,2.5,1.5,30,40,103.22,100
1.991e+007,153,8,35334,2,1,2,1,1,2,3,1,1,2,4,816,2,3,NaN,1911,40,43,0.267,16,96,1,28,0,1500,58.8,41.2,2,0,3,0.8,40,40,103.12,100
1.991e+007,158,8,35334,2,1,2,1,1,2,3,1,1,2,4,816,9,3,3,1911,32.5,43,0.2,15,82,1,31,7.6,1500,54.3,38,4,0,2.5,1,40,40,103.12,100
1.991e+007,144,56,37869,1,1,2,1,1,2,1,1,1,2,4,815,9,1,3,1911,37.5,44,0.3,15,85,0.75,34,0,1400,62.5,37.5,0,0,2.8,1,28,40,103.12,100
1.991e+007,142,56,37869,1,1,2,1,1,2,1,1,1,2,4,815,2,1,3,1910,35,44,0.3,16,80,1,32,7,1400,58.1,34.9,0,0,3,1,28,40,103.12,100
1.991e+007,169,3,27490,1,1,2,1,1,1,1,1,1,2,2,813,1,1,3,1911,30,42,0.2,15.4,64,0.875,NaN,0,1425,61.7,38.3,0,0,1,1.3,34,40,107.4,100
1.991e+007,313,55,35752,1,1,2,1,1,1,1,1,1,2,3,824,9,3,1,1910,50,43,0.2,16,82,0.875,30,0,2270,55.6,44.4,12,0,2,1,30,40,103.22,100
1.991e+007,268,55,35752,1,1,2,1,1,1,1,1,1,2,3,824,2,3,1,1910,50,43,0.3,16.3,80,0.8125,30,0,2270,55.6,44.4,12,0,1.5,1.5,30,40,103.22,100
1.991e+007,316,42,35794,1,1,2,1,1,2,1,1,1,2,3,827,2,3,3,1911,60,43,0.267,15.8,57,0.75,24,1.2,1480,58.1,40.7,0,0,1.4,1.7,33,40,103.12,100
1.991e+007,275,42,35794,1,1,2,1,1,2,1,1,1,2,3,827,9,3,3,1911,52.5,43,0.233,16.6,58,0.75,20,7.9,1480,56.2,36,0,0,1.7,0.7,33,40,103.12,100
1.991e+007,268,55,35752,1,1,2,1,1,1,1,1,1,2,3,824,2,3,NaN,1910,50,43,0.3,17,87,0.8125,35,0,2300,58.8,41.2,0,0,1.3,0.7,30,40,103.22,100
1.991e+007,13,15,37441,1,1,2,1,1,1,1,1,1,2,3,821,2,3,1,1911,25,38,0.2,13,75,0.625,25,0,1600,57.5,42.5,0,0,2.5,0.85,30,40,103.12,100
1.991e+007,17,15,37441,1,1,2,1,1,1,1,1,1,2,3,821,7,3,1,1911,25,38,0.233,14,70,0.625,25,0,1600,58.8,41.2,5,0,1.7,0.9,30,40,103.12,100
1.991e+007,157,44,37354,1,1,2,1,1,2,3,1,1,2,4,816,9,3,4,1911,40,46,0.333,15.9,78,0.5,34,2.4,2000,61,36.6,0,0,2.4,1.3,35,40,103.22,100
1.991e+007,345,7,35335,2,1,2,1,1,2,3,1,1,2,3,827,2,3,3,1911,45,41,0.333,17,78,0.75,16,14.1,1100,50.5,35.4,0,0,2.5,1,50,40,96.97,100
1.991e+007,383,7,37335,2,1,2,1,1,2,3,1,1,2,3,827,2,3,3,1911,47.5,41,0.233,16.5,72,0.75,20,14.1,1300,50.5,35.4,4,0,2.5,1,50,40,96.97,100
1.991e+007,264,60,35870,1,1,1,1,1,1,1,1,1,1,3,824,2,3,1,1910,40,46,0.2,15,68,0.75,28,0,1700,58.8,41.2,0,0,1,1,33,40,103.22,100
1.991e+007,385,60,35870,1,1,1,1,1,1,1,1,1,1,3,824,9,3,1,1911,40,46,0.267,16.5,68,0.875,25,0,1700,58.8,41.2,0,0,1,1,33,40,103.13,100
1.991e+007,205,59,35811,1,1,2,1,1,1,1,1,1,2,4,815,9,2,1,1911,40,35,0.233,18,85,0.625,30,0,2000,62.5,37.5,0,0,2.5,0.9,30,40,103.13,100
1.991e+007,313,55,35752,1,1,2,1,1,1,1,1,1,2,3,824,9,3,1,1910,50,43,0.2,17,84,NaN,35,0,2300,55.6,44.4,0,0,2,0.8,30,40,103.22,100
1.991e+007,143,56,37869,1,1,2,1,1,2,1,1,1,2,1,802,7,1,3,1911,35,38,0.4,12,62,0.75,46,4.7,1400,58.8,36.5,0,0,2,1,28,40,103.13,100
1.991e+007,145,56,37869,1,1,2,1,1,2,1,1,1,2,1,802,2,1,3,1911,35,38,0.433,16,70,0.75,50,0,1400,62.5,37.5,0,0,2.8,1.5,28,40,103.13,100
1.991e+007,360,61,25509,2,1,2,1,1,2,3,1,1,2,3,821,7,3,3,1911,50,46,0.2,14.6,60,0.625,25,10.5,1750,52.6,36.8,2,0,2.4,0.8,28,40,96.97,100
1.991e+007,12,44,37386,2,1,2,1,1,2,3,1,1,2,3,827,2,3,5,1910,40,47,0.333,24.5,78,0.875,30,8.8,2100,54.9,36.3,16,0,2.3,1,40,40,100,100
1.991e+007,24,44,37386,2,1,2,1,1,2,3,1,1,1,3,827,9,3,5,NaN,40,47,0.35,14.43,76,0.75,16,7.2,2000,51.5,41.2,1,0,2.7,1.4,40,40,100,100
1.991e+007,18,44,37386,2,1,2,1,1,2,3,1,1,2,3,827,2,3,5,1910,40,39,0.233,15,77,0.75,20,9.4,2000,52.1,38.5,0,0,2.5,1,40,40,103.22,100
1.991e+007,21,44,37386,2,1,2,1,1,2,3,1,1,2,3,827,9,3,5,1910,40,39,0.2,15,79,0.75,20,11.8,2000,49,39.2,0,0,2.5,1,40,40,103.22,100
1.991e+007,23,44,37386,NaN,1,2,1,1,2,3,1,1,2,3,827,2,3,5,1911,NaN,43,0.267,14.2,68,0.75,18,0,2000,62.5,37.5,0,0,2.5,1.2,40,40,106.45,100
1.991e+007,16,44,37386,NaN,1,2,1,1,2,3,1,1,2,3,827,2,3,5,1910,NaN,48,0.233,14,80,0.75,30,0,2000,62.5,37.5,0,0,NaN,NaN,40,40,109.67,100
1.991e+007,23,44,27386,NaN,1,2,1,1,2,3,1,1,1,3,827,2,3,5,1911,NaN,40,0.267,16.4,72,1,26,0,2000,62.5,37.5,0,0,2.5,1,40,40,106.45,100
1.991e+007,370,44,37386,2,1,2,1,1,2,3,1,1,2,3,824,9,3,5,1911,40,40,0.35,18.5,85,0.5625,30,0,1900,62.5,37.5,4,0,1.8,1.4,40,40,106.45,100
1.991e+007,27,44,37254,1,1,2,1,1,2,1,1,1,2,3,821,7,3,NaN,1911,42.5,41,0.3,14,70,0.625,20,2.3,1750,57.5,40,4,0,2.5,0.7,35,40,96.97,100
1.991e+007,307,24,35457,1,1,2,1,1,1,1,1,1,2,3,828,9,3,1,1910,35,39,0.2,16.2,84,1,30,0,2100,62.5,37.5,4,0,2,0.9,30,40,94.117,100
1.991e+007,56,49,47202,1,1,2,1,1,1,3,1,1,2,2,813,9,1,3,1910,35,45,0.3,14.1,65,1,NaN,0,1500,59.5,40.5,0,0,2.6,1,40,40,109.67,100
1.991e+007,234,49,47202,1,1,2,1,1,2,3,1,3,2,1,802,2,1,3,1910,50,43,0.333,14.02,68,0.75,56,7.4,1800,53.2,39.4,0,0.5,3,1.3,40,40,109.67,100
1.991e+007,30,49,47202,1,1,2,1,1,2,3,1,1,2,4,816,2,1,3,1910,67.5,45,0.2,15.5,80,0.5,34,16.3,1683,43.5,40.2,6,0,2.5,1,40,40,109.67,100
1.991e+007,340,5,37163,1,1,2,1,1,1,1,1,1,2,3,821,2,3,1,1910,55,37,0.267,16,75,0.625,20,5.6,1850,55.6,38.9,0,0,0.8,0.75,33,40,109.67,100
1.991e+007,28,44,37354,1,1,2,1,1,2,1,1,1,2,3,821,2,3,NaN,1911,42.5,41,0.2,14,80,0.625,20,7.4,1750,53.2,39.4,0,0,2.1,0.9,35,40,96.97,100
1.991e+007,76,49,47202,2,1,2,1,1,2,3,1,1,2,2,813,1,1,3,1910,52.5,45,0.2,15.3,72,0.75,NaN,12.4,1600,51.5,36.1,0,0,2.5,1,40,40,109.67,100
1.991e+007,71,49,47202,1,1,2,1,1,1,3,1,1,2,2,813,10,1,3,1910,35,45,0.2,15.2,63,1,NaN,0,1500,59.5,40.5,0,0,2.3,0.9,40,40,109.67,100
1.991e+007,80,49,47202,2,1,2,1,1,2,3,1,1,2,2,813,5,1,3,1910,52.5,45,0.233,16,68,0.75,NaN,0,1600,58.8,41.2,4,0,2.3,0.8,40,40,109.67,100
1.991e+007,14,44,37355,1,1,2,1,1,2,1,1,1,2,4,816,9,3,NaN,1910,49,43,0.35,14.5,74,0.75,23,9.1,1900,56.8,34.1,2,0,0.7,0.2,35,40,103.22,100
1.991e+007,80,49,47202,2,1,2,1,1,2,3,1,1,2,2,813,5,1,3,1910,52.5,37,0.233,14,73,0.75,NaN,9.6,1600,53.2,37.2,0,0,2.3,1,40,40,109.67,100
1.991e+007,180,49,47202,2,1,2,1,1,2,3,1,1,2,2,813,9,1,3,1910,52.5,43,0.267,15.1,76,0.5,31,6.6,1650,54.9,38.5,0,0,2.5,1.5,40,40,109.67,100
1.991e+007,283,44,37355,1,1,2,1,1,2,1,1,1,2,3,828,9,3,4,1910,40,44,0.2,16.1,78,0.9375,30,5.6,1800,55.6,38.9,0,0,2,1,35,40,103.22,100
1.991e+007,76,49,47202,2,1,2,1,1,2,3,1,1,2,2,813,1,1,3,NaN,52.5,37,0.2,15,66,0.75,NaN,13.3,1600,55.6,42.2,0,0,2.4,0.8,40,40,100,100
1.991e+007,57,44,37355,1,1,2,1,1,2,1,1,1,2,3,827,2,3,NaN,1910,40,43,0.35,16.5,72,0.625,20,9.1,2000,56.8,34.1,4,0,2.5,0.5,35,40,103.22,100
1.991e+007,84,44,37355,1,1,2,1,1,2,1,1,1,2,3,827,9,3,NaN,1910,40,43,0.35,16.1,70,0.625,20,11.1,2000,55.6,33.3,4,0,1.8,0.9,35,40,103.22,100
1.991e+007,318,55,35753,1,1,2,1,1,1,1,1,1,2,3,824,9,3,1,1910,40,43,0.267,16,80,0.5625,30,5.6,1900,55.6,38.9,0,0,2.2,1.3,30,40,103.22,100
1.991e+007,353,61,25513,2,1,2,1,1,2,3,1,1,2,3,821,7,3,3,1911,45,45,NaN,14.7,75,0.625,30,15,1734,50,35,2,0,1.5,0.6,34,40,103.22,100
1.991e+007,96,41,38051,1,1,2,1,1,2,1,1,1,2,4,816,2,3,NaN,NaN,60,49,0.333,14.9,77,0.75,27,0,1650,58.8,41.2,0,0,2.5,0.7,33,40,103.33,100
1.991e+007,373,61,25514,2,1,2,1,1,2,3,1,1,1,3,821,7,3,NaN,1910,55,49,0.267,12.5,70,0.625,30,5.6,1750,55.6,38.9,0,0,2.5,0.9,34,40,106.66,100
1.991e+007,281,61,25513,2,1,2,1,1,2,3,1,1,2,3,821,2,3,NaN,1911,45,45,NaN,15.1,75,0.625,20,15,1750,50,35,0,0,1.6,0.9,34,40,103.22,100
1.991e+007,99,41,38051,1,1,2,1,1,2,1,1,1,2,4,816,9,3,NaN,1910,55,49,0.2,15.6,74,0.75,24,0,1650,58.8,41.2,0,0,2.5,1.7,33,40,103.33,100
1.991e+007,325,44,37355,1,1,2,1,1,1,1,1,1,2,3,828,2,3,NaN,1911,40,49,0.233,15.3,74,1,34,0,2000,62.5,37.5,0,0,2.2,1,35,40,100,100
1.991e+007,305,44,37355,1,1,2,1,1,1,1,1,1,2,3,828,9,3,NaN,1911,40,49,0.233,16.8,78,0.9375,30,0,2000,62.5,37.5,0,0,2.4,0.9,35,40,100,100
1.991e+007,390,61,25515,2,1,2,1,1,2,3,1,1,2,3,821,7,3,3,1911,42.5,46,0.3,14,77,0.625,42,15.8,1850,49.5,34.6,8,0,1.5,0.8,34,40,100,100
1.991e+007,392,65,37081,1,1,1,1,1,1,1,1,1,2,3,828,1,3,1,1911,35,44,0.2,15.5,100,0.875,30,0,2200,53.2,46.8,0,0,0,0,30,40,100,100
1.991e+007,260,7,35534,2,1,2,1,1,2,3,1,1,1,3,827,2,3,3,1910,42,44,0.3,15,80,1.25,20,16.7,1300,49,34.3,0,0,2.5,0.2,40,40,110,100
1.991e+007,387,7,35534,2,1,2,1,1,2,3,1,1,1,3,827,9,3,3,1910,45,44,0.3,15.5,75,1.25,20,14.1,1300,50.5,35.4,0,0,2.5,1.5,40,40,110,100
1.991e+007,264,55,35754,1,1,2,1,1,1,1,1,1,2,3,824,2,3,1,1910,50,43,0.3,16,70,0.8125,30,3.4,2400,56.8,39.8,0,0,2.5,0.8,30,40,103.13,100
1.991e+007,324,55,35754,1,1,2,1,1,1,1,1,1,2,3,824,9,3,1,1910,47,43,0.267,16,80,0.5625,30,9.1,2400,50.5,40.4,0,0,2.5,1.1,30,40,103.13,100
1.991e+007,337,19,37572,1,1,2,1,1,1,1,1,1,2,3,824,2,3,1,1911,35,48,0.233,16,76,0.8125,30,8.9,1900,49.5,41.6,0,0,2.5,1.2,30,40,103.22,100
1.991e+007,359,19,37572,1,1,2,1,1,1,1,1,1,2,3,824,9,3,1,1911,35,48,0.233,16,86,0.5625,30,16.1,1900,44.6,39.3,0,0,2.5,1.5,30,40,103.22,100
1.991e+007,190,59,35814,1,1,2,1,1,2,1,1,1,2,3,827,2,2,1,1911,35,43,0.233,14,75,1.25,20,7.6,NaN,54.3,38,0,0,2.5,2,33,40,106.66,100
1.991e+007,2,59,35814,1,1,2,1,1,2,1,1,1,2,3,827,9,2,1,1911,37.5,43,0.233,14,80,1.25,20,6.25,NaN,52.1,41.7,0,0,3,1.5,33,40,106.66,100
1.991e+007,31,9,37822,1,1,2,1,1,2,1,1,1,2,2,813,1,1,3,1910,40,44,0.2,15,68,0.75,NaN,0,1750,58.8,41.2,0,0,2.7,0.7,35,40,103.13,100
1.991e+007,219,9,37822,1,1,2,1,1,2,1,1,1,2,2,813,5,1,3,1910,40,44,0.233,15.5,68,0.75,NaN,5.6,1750,55.6,38.9,0,0,1.5,0.5,35,40,103.13,100
1.9911e+007,197,59,35816,1,1,2,1,1,1,1,1,1,2,3,827,2,2,1,1910,47.5,68,0.4,14,78,0.75,22,0,1900,62.5,37.5,0,0,2.1,1.7,33,40,103.13,100
1.9911e+007,113,24,35458,1,1,2,1,1,1,1,1,1,1,4,816,2,3,1,1910,40,60,0.233,15,78,1,28,0,2380,60,40,3,0,2.5,1,30,40,106.66,100
1.9911e+007,66,49,47203,2,1,2,1,1,1,1,1,1,1,2,813,9,1,3,1910,55,55,0.3,16.3,100,1,NaN,0,1650,58.8,41.2,0,0,NaN,NaN,40,40,106.66,100
1.9911e+007,199,59,35816,1,1,2,1,1,1,1,1,1,2,4,815,2,2,1,1910,40,55,0.433,15.5,92,0.75,22,9.6,1550,53.2,37.2,1,0,2.9,1.3,33,40,106.66,100
1.9911e+007,199,59,35816,1,1,2,1,1,1,1,1,1,2,4,815,2,2,1,1910,40,52,NaN,16,86,0.75,26,9.6,1975,53.2,37.2,1,0,2.9,1.3,33,40,100,100
1.9911e+007,301,30,23055,2,1,2,1,1,2,2,1,1,2,3,821,7,3,NaN,1910,42.5,52,0.4,13.9,76,0.625,25,0,1800,50,50,0,0,2.5,0.9,40,40,106.66,100
1.9911e+007,379,61,25520,2,1,2,1,1,2,3,1,1,2,3,821,7,3,1,1910,50,56,0.267,15.2,76,0.625,25,3.4,1760,56.8,39.8,2,0,2.5,0.8,34,40,103.13,100
1.9911e+007,356,61,25520,2,1,2,1,1,2,3,1,1,2,3,821,7,3,3,1910,45,57,0.267,14,76,0.75,20,3.4,1800,56.2,40.4,2,0,2,0.8,34,40,103.13,100
1.9911e+007,286,60,35982,1,1,1,1,1,1,1,1,1,1,3,824,2,3,1,1910,47,67,0.4,16,74,0.8125,38,0,1900,58.8,41.2,2,0,2.5,1.1,33,40,103.13,100
1.9911e+007,340,60,35872,1,1,1,1,1,1,1,1,1,2,3,824,9,3,1,1910,47,67,0.333,16,82,0.5625,30,1.5,1900,50.5,34.3,0,0,2.5,1.1,33,40,103.13,100
1.9911e+007,174,49,47203,2,1,2,1,1,2,3,1,1,2,2,813,5,1,3,1910,50,52,0.3,17,69,0.75,NaN,0,1700,58.8,41.2,0,0,2.2,0.9,40,40,106.66,100
1.9911e+007,238,49,47203,2,1,2,1,1,2,3,1,1,1,1,802,7,1,3,1910,50,55,0.233,13.34,74,0.625,NaN,4.8,1635,59.5,35.7,1,0,3,2,40,40,100,100
1.9911e+007,181,49,47203,2,1,2,1,1,2,3,1,1,1,1,802,2,1,3,1910,50,55,0.233,13.86,70,0.625,47,10.2,1635,51,38.8,0,0,3,1,40,40,100,100
1.9911e+007,15,49,47203,2,1,2,1,1,2,3,1,1,2,2,813,1,1,3,1910,50,52,0.267,15.6,71,0.75,NaN,20.6,1700,46.7,32.7,0,0,2.5,0.6,40,40,106.66,100
1.991e+007,91,5,37168,1,1,2,1,1,1,1,1,1,2,4,815,2,3,1,1911,30,63,0.3,13,94,1,29,0,1800,56.2,43.8,0,0,2.5,1,30,40,110,100
1.991e+007,92,64,37333,1,1,2,1,1,1,1,1,1,2,4,815,2,3,1,1911,50,60,0.267,13.6,86,1.125,28,0,1500,64.1,35.9,0,0,2.5,1,33,40,106.45,100
1.991e+007,328,61,25517,2,1,2,1,1,2,3,1,1,1,3,821,7,3,3,1911,55,53,0.3,14.2,72,0.625,25,22.7,1750,45.5,31.8,1,0,2.4,0.9,34,40,103.13,100
1.991e+007,126,64,37333,1,1,2,1,1,1,1,1,1,1,4,815,2,3,1,1910,35,56,0.3,15.3,80,0.75,20,0,1900,76.9,23.1,0,0,2.5,1.25,33,40,106.66,100
1.991e+007,376,32,37994,2,1,2,1,1,2,3,1,1,1,3,821,7,3,3,1911,55,56,0.233,15,84,0.625,25,16.7,1850,52.1,31.3,4,0,2,0.6,34,40,103.13,100
1.991e+007,367,61,25513,2,1,2,1,1,2,3,1,1,1,3,821,7,3,3,1910,55,49,0.2,15,78,0.625,20,17.1,1900,47.6,35.2,0,0,2.5,0.85,34,40,106.45,100
1.991e+007,243,49,47203,2,1,2,1,1,2,3,1,1,2,1,802,2,1,3,1910,50,50,0.2,15.7,90,0.75,50,0,1420,62.5,37.5,0,0,3,1.35,40,40,106.45,100
1.991e+007,38,49,47203,2,1,2,1,1,2,3,1,1,2,1,802,7,1,3,1910,50,50,0.2,15.5,74,0.75,58,4.8,1420,59.5,35.7,3,0,3,1,40,40,106.45,100
1.991e+007,393,60,35871,1,1,1,1,1,1,1,1,1,2,3,824,9,3,1,1911,35,56,0.233,16,82,0.5625,28,5.6,2100,56.2,38.2,0,0,1.7,0.4,30,40,103.13,100
1.991e+007,293,60,35871,1,1,1,1,1,1,1,1,1,2,3,824,2,3,1,1911,35,56,0.2,15,80,0.8125,40,8.6,2100,53.8,37.6,8,0,1.7,1,30,40,100,100
1.991e+007,295,5,37169,1,1,2,1,1,1,1,1,1,2,3,824,2,3,1,1911,40,50,0.2,16,68,0.8125,30,0,2400,58.8,41.2,8,0,2.5,1.5,33,40,103.13,100
1.991e+007,276,5,47169,1,1,2,1,1,1,1,1,1,2,3,824,9,3,1,1911,40,50,0.233,16,70,0.5625,30,0,2400,58.8,41.2,8,0,1.5,0.5,33,40,103.13,100
1.991e+007,29,44,32360,1,1,2,1,1,2,1,1,1,2,3,827,2,3,NaN,1910,NaN,59,0.233,14.2,80,1,20,5.6,NaN,55.6,38.9,0,0,2,2.5,33,40,106.45,100
1.991e+007,25,44,32360,1,1,2,1,1,2,1,1,1,2,3,827,9,3,NaN,1911,37.5,59,0.233,16,75,0.75,20,4.3,NaN,54.3,41.3,0,0,2.5,1.5,33,40,106.45,100
1.991e+007,83,9,37822,1,1,2,1,1,2,1,1,1,2,4,816,9,1,3,1911,40,54,0.2,15.8,76,0.5,38,5.6,1736,55.6,38.9,0,0,2.5,1.5,35,40,103.13,100
1.991e+007,72,9,37822,1,1,2,1,1,2,2,1,1,2,4,816,2,1,3,1911,40,54,0.2,15.4,78,0.5,34,5.7,1736,56.8,36.9,0,0,2.5,1.1,35,40,103.13,100
1.991e+007,273,32,37994,2,1,2,1,1,2,3,1,1,1,3,821,2,3,3,1911,55,45,0.267,15.5,79,0.625,20,16.7,1850,54.3,34.3,4,0,2.5,1,34,40,100,100
1.991e+007,265,61,25519,2,1,2,1,1,2,3,1,1,1,3,821,7,3,3,1910,52,64,0.4,15.5,82,0.625,30,0,1800,71.4,28.6,4,0,2.5,0.9,34,40,103.13,100
1.991e+007,107,24,35458,1,1,2,1,1,1,1,1,1,1,4,816,9,3,1,1910,40,56,0.233,16.5,79,0.5,28,0,2300,60.2,39.8,0,0,2.5,1.5,30,40,106.45,100
1.9911e+007,263,24,35460,1,1,2,1,1,1,1,1,1,2,3,824,2,3,1,1910,45,54,0.333,15.5,76,0.8125,30,5.6,2250,55.6,38.9,2,0,2.5,1.3,30,40,106.45,100
1.9911e+007,380,44,37365,1,1,2,1,1,2,1,1,1,2,3,828,2,3,4,1910,47.5,68,0.4,16,80,0.75,30,0,2250,58.8,41.2,0,0,1.5,1,35,40,106.45,100
1.9911e+007,323,44,37365,1,1,2,1,1,2,1,1,1,2,3,828,9,3,4,1910,47.5,68,0.35,16,80,0.75,30,0,2250,52.1,47.9,0,0,1.5,0.75,35,40,106.45,100
1.9911e+007,261,24,35460,1,1,2,1,1,1,1,1,1,2,3,824,9,3,1,1910,45,54,0.367,15.5,74,0.5625,40,10.5,2250,52.6,36.8,2,0,2.5,1.8,30,40,106.45,100
1.9911e+007,20,44,37365,1,1,2,1,1,2,1,1,1,1,3,827,2,3,1,1911,37.5,70,0.333,14.9,64,0.75,28,3.4,1500,57.5,39.1,0,0,2.5,1,40,40,106.89,100
1.9911e+007,26,44,37365,1,1,2,1,1,2,1,1,1,2,3,827,9,3,1,1911,37.5,70,0.4,15,65,0.75,25,5.4,1500,54.3,40.2,0,0,2.3,0.9,40,40,106.66,100
1.9911e+007,338,64,37338,1,1,2,1,1,1,1,1,1,2,3,824,2,3,1,1911,47.5,60,0.4,14.5,74,0.8125,20,8.6,1600,53.8,37.6,0,0,2,1.5,35,40,110,100
1.9911e+007,279,55,37758,1,1,2,NaN,1,1,1,1,1,2,3,828,9,3,1,1910,40,62,0.3,16,84,0.9375,28,0,2200,58.8,41.2,4,0,2.5,0.6,30,40,106.45,100
1.9911e+007,312,55,35758,1,1,2,1,1,1,1,1,1,2,3,828,2,3,1,1910,40,62,0.267,16,84,0.9375,32,0,2200,58.8,41.2,4,0,1.4,1,30,40,106.45,100
1.991e+007,107,24,35458,1,1,2,1,1,1,1,1,1,2,4,816,9,3,1,1910,40,64,0.2,15.5,85,1,26,0,2400,58.8,41.2,0,0,2.5,1,30,40,103.13,100
1.991e+007,113,24,35458,1,1,2,1,1,1,1,1,1,2,4,816,2,3,1,1910,40,64,0.233,15,82,0.75,31,0,2400,60,40,3,0,2.5,1,30,40,106.66,100
1.9911e+007,174,49,47203,2,1,2,1,1,2,3,1,1,1,1,802,7,1,3,1910,50,69,0.367,17,82,0.75,50,0,1700,62.5,37.5,0,0,3,1,40,40,106.45,100
1.9911e+007,334,64,37338,1,1,2,1,1,1,1,1,1,1,3,824,9,3,1,1911,50,60,0.4,16,76,0.5625,28,5.6,1600,55.6,38.9,0,0,1,0.5,35,40,110,100
1.9911e+007,160,37,37915,1,1,2,1,1,1,1,1,1,2,4,815,2,3,NaN,1910,50,62,0.4,15.4,98,0.75,25,10.6,1750,48.1,41.3,0,0,2.8,1.3,33,40,110,100
1.9911e+007,163,37,37915,1,1,2,1,1,1,1,1,1,2,4,815,9,3,NaN,1911,50,62,0.4,14.9,96,0.75,26,11,1950,50,39,0,0,2.8,0.8,33,40,110,100
1.9911e+007,71,49,47203,2,1,2,1,1,2,3,1,1,2,2,813,1,1,3,1910,50,68,0.367,13.4,70,NaN,NaN,20.4,1700,46.3,33.3,0,0,2.5,1,40,40,106.45,100
1.9911e+007,398,44,37305,1,1,2,1,1,2,1,1,1,2,4,815,9,3,4,1911,35,68,0.4,15.1,90,0.875,30,6,1500,59.5,34.5,1,0,2.5,1,35,40,106.89,100
1.9911e+007,90,64,37501,1,1,2,1,1,1,1,1,1,2,4,816,2,3,NaN,1910,NaN,56,0.3,16.02,84,0.25,30,5.3,2244,52.6,42.1,5,0,3,0.8,30,40,110,100
1.9911e+007,110,64,37501,1,1,2,1,1,1,1,1,1,2,4,816,9,3,NaN,NaN,32.5,56,0.367,15.03,79,0.3125,28,5.3,2244,52.6,42.1,0,0,1.8,0.5,30,40,106.45,100
1.9911e+007,337,5,37177,1,1,2,1,1,1,1,1,1,2,3,828,2,3,1,1910,40,56,0.3,17,82,0.75,30,0,2550,52.6,47.4,0,0,2,1,33,40,103.22,100
1.9911e+007,388,64,37177,1,1,2,1,1,1,1,1,1,2,3,828,9,3,1,1910,30,56,0.283,17,72,0.75,30,0,2550,52.6,47.4,0,0,2,1,33,40,103.22,100
1.9911e+007,123,64,37501,1,1,2,1,1,1,1,1,1,2,4,815,2,3,1,1910,30,69,0.3,16,98,0.75,35,0,2050,62.5,37.5,0,0,2.75,1,33,40,100,100
1.9911e+007,280,55,35759,1,1,2,1,1,1,1,1,1,2,3,827,2,3,1,1910,45,69,0.267,15.6,72,0.75,21,5.6,2426,55.6,38.9,0,0,2.85,1.1,30,40,103.22,100
1.9911e+007,377,55,37579,1,1,2,1,1,1,1,1,1,2,3,827,9,3,1,1910,45,69,0.267,16.1,76,0.75,22,5.6,2426,55.6,38.9,0,0,2.7,0.7,30,40,103.22,100
1.9911e+007,121,64,37501,1,1,2,1,1,1,1,1,1,1,4,815,9,3,1,1910,32.5,69,0.2,15.5,94,0.75,30,0.5,2050,52.6,42.1,0,0,2.5,1,33,40,100,100
1.9911e+007,382,64,37502,1,1,2,1,1,1,1,1,1,1,3,824,2,3,1,1910,NaN,66,0.2,15,82,0.8125,30,7,1900,58.1,34.9,5,0,2.5,0.9,30,40,103.13,100
1.9911e+007,138,47,37938,2,1,2,1,1,2,3,1,1,1,4,816,9,1,3,1910,45,65,0.3,16.3,78,0.75,32,3.4,1700,56.8,39.8,4,0,2.5,1,34,40,106.45,100
1.9911e+007,203,58,35528,2,1,2,1,1,2,3,1,1,2,4,816,2,2,3,1910,40,68,0.3,14,88,0.75,32,0,1742,60,40,3,0,2.5,1,40,40,103.13,100
1.9911e+007,360,64,37199,1,1,2,1,1,2,1,1,1,2,3,824,9,3,1,1910,40,64,0.2,16.5,82,0.5625,30,2.3,1900,57.5,40.2,0,0,1.3,0.8,30,40,106.45,100
1.9911e+007,147,16,37003,2,1,2,1,1,2,2,1,1,2,4,815,2,1,3,1910,40,65,0.267,16.2,79,0.625,30,0,1500,62.5,37.5,4,0,2.5,1,38,40,106.45,100
1.9911e+007,223,33,37990,2,1,2,1,1,2,3,1,1,2,2,813,1,1,3,1910,50,66,0.233,16,87,1,NaN,11.1,1530,55.6,33.3,0,0,2.5,1,34,40,100,100
1.9911e+007,400,44,37365,1,1,2,1,1,2,1,1,1,2,4,815,9,3,3,1911,35,62,0.4,14.5,94,1,35,0,1900,63.3,36.7,0,0,2.5,1,35,40,106.89,100
1.9911e+007,304,24,35460,1,1,2,1,1,1,1,1,1,1,3,824,2,3,1,1910,40,62,NaN,16,80,0.8125,40,0,2250,62.5,37.5,0,0,2.5,0.7,30,40,110,100
1.9911e+007,4,44,37365,1,1,2,1,1,2,1,1,1,2,3,827,9,3,3,1910,42.5,58,0.4,15,76,1,20,5.4,2000,54.3,40.2,0,0,2.5,1,35,40,103.33,100
1.9911e+007,175,49,47204,2,1,2,1,1,1,1,1,1,2,2,813,9,1,3,1910,50,64,0.233,18,64,1,NaN,0,1300,62.5,37.5,0,0,3,1,40,40,106.45,100
1.9911e+007,51,49,47204,2,1,2,1,1,1,1,1,1,2,2,813,10,1,NaN,1910,50,64,0.2,16,86,0.75,NaN,0,1300,58.8,41.1,0,0,2.5,1,40,40,106.45,100
1.9911e+007,150,47,37938,2,1,2,1,1,2,3,1,1,2,4,816,2,1,1,1910,60,66,0.2,14.5,85,0.25,NaN,0,NaN,62.2,37.8,0,0,2.5,1,34,40,106.45,100
1.9911e+007,330,64,37505,1,1,2,1,1,1,1,1,1,1,3,824,9,3,1,1910,40,64,0.233,15.4,88,0.5625,24,4.4,1835,55.5,40,2,0,2,1.3,30,40,106.45,100
1.9911e+007,371,64,37505,1,1,2,1,1,1,1,1,1,1,3,824,2,3,1,1910,40,64,0.2,16,76,0.8125,23,4.8,1835,59.5,35.7,3,0,2,0.7,30,40,106.45,100
1.9901e+007,82,49,47103,2,1,2,1,1,2,3,1,1,2,4,816,9,1,3,1910,47.5,63,0.3,16.4,84,0.5,27,20.7,1800,41.3,38,5,0,2.6,0.3,40,33,96.7,100
1.9901e+007,48,49,47103,2,1,2,1,1,2,3,1,3,2,4,816,9,1,3,1910,50,50,0.3,14.5,84,0.25,24,20.7,1500,41.3,38,0,0,3,0.6,40,33,103.3,100
1.9901e+007,171,49,47103,2,1,2,1,1,2,3,1,1,2,2,813,1,1,3,1910,50,48,0.233,13,80,1,NaN,18.9,1700,47.2,34,0,0,2.7,0.6,40,33,100,100
1.9901e+007,136,6,34402,2,1,2,1,1,2,3,1,3,2,4,815,9,1,3,1911,52,54,0.5,16,82,0.875,22,15.8,900,49.5,34.7,0,0,2.5,1,50,40,96.7,100
1.99e+007,191,59,34545,1,1,2,1,1,1,1,1,1,1,3,827,2,2,1,1910,40,41,0.233,14,79,0.75,20,0,1530,61.7,38.3,5,0,3.1,1.8,33,33,96.9,100
1.99e+007,164,64,36053,1,1,2,1,1,1,1,1,1,2,4,815,9,3,1,1910,45,42,0.233,15,76,0.75,30,0,2220,58.8,41.2,0,0,2.5,1,30,35,100,100
1.99e+007,157,64,36053,1,1,2,1,1,1,1,1,1,2,4,815,2,3,1,1910,45,42,0.233,16,84,0.625,28,0,2220,54.3,45.7,0,0,2.5,1,30,35,100,100
1.9901e+007,60,50,36859,2,1,2,1,1,2,3,1,1,2,1,802,7,1,3,1911,55,54,0.267,15,70,0.625,60,3.4,1600,56.8,39.8,0,0,1,0.4,45,40,103.3,100
1.9901e+007,73,50,36859,2,1,2,1,1,2,2,1,1,1,1,802,2,1,3,1911,57.5,54,0.267,15.5,80,0.625,55,0,1600,62.5,37.5,0,0,3,0.5,45,40,103.3,100
1.9901e+007,186,49,47103,1,1,2,1,1,1,1,1,1,2,2,813,9,1,3,1910,40,54,0.233,15.59,89,1,NaN,1.2,1700,58.1,40.7,0,0,2.5,0.6,40,33,103.3,100
1.99e+007,103,24,34683,1,1,2,1,1,1,1,1,1,2,4,815,2,3,3,1910,40,38,0.3,16,92,0.625,25,1.1,1900,53.8,45.2,0,0,2.5,1,30,33,100,100
1.9901e+007,45,40,36648,1,1,2,1,1,2,1,1,1,2,4,815,1,1,1,1911,50,60,0.3,14,75,0.625,33,0,2000,65.2,34.8,0,0,0,0,35,40,96.9,100
1.99e+007,105,11,34664,2,1,2,1,1,2,3,1,3,2,4,816,9,3,3,1910,45,49,0.2,16,72,0.375,38,15,1650,50,35,0,0,2.5,0.2,38,33,96.9,100
1.99e+007,59,26,36858,2,1,2,1,1,2,3,1,1,2,2,813,5,1,3,1910,60,43,0.367,15,94,1,NaN,9.5,1500,52.6,37.9,0,4,2.5,1,40,35,100,100
1.99e+007,291,61,25416,2,1,2,1,1,2,3,1,1,1,3,821,7,3,3,1911,47.5,41,0.333,18,74,0.5,30,17.7,1900,44.2,38.1,2,0,2.5,1,40,33,100,100
1.99e+007,237,26,36858,2,1,2,1,1,2,3,1,1,2,1,802,2,1,3,1910,47.5,52,0.267,14.3,98,0.75,55,11.7,1600,53.2,35.1,0,0,3,1,40,33,100,100
1.9901e+007,213,59,34546,1,1,2,1,1,1,1,1,1,2,4,816,9,2,1,1911,37.5,54,0.3,14.5,80,1,20,10.9,2400,54.3,34.8,0,0,2.5,0.4,30,40,103.3,100
1.9901e+007,200,59,34546,1,1,2,1,1,1,1,1,1,2,4,816,2,2,1,1911,52.5,54,0.267,14.6,82,NaN,32,10.5,2400,52.6,36.8,0,0,2.5,0.5,30,40,100,100
1.9901e+007,339,64,36054,1,1,2,1,1,1,1,1,1,2,3,827,2,3,1,1910,45,55,0.3,15,75,0.75,25,0,2300,59.8,40.2,0,0,2,2.3,30,33,96.6,100
1.99e+007,195,59,34545,1,1,2,1,1,2,1,1,1,1,3,827,9,3,1,1910,40,48,0.3,15,82,1,35,0,1720,59.3,40.7,0,0,1.5,1.5,32,33,100,100
1.99e+007,188,59,34545,1,1,2,1,1,2,1,1,1,1,3,827,2,3,1,1910,40,48,0.333,15,75,1,30,0,1720,61.7,38.3,0,0,2.5,3,33,33,103.2,100
1.9901e+007,231,49,47103,2,1,2,1,1,2,3,1,1,1,1,802,7,1,3,1910,50,52,0.2,14,80,0.75,60,4.4,1700,54.9,40.7,0,0,2.5,1,40,33,100,100
1.9901e+007,171,49,47103,2,1,2,1,1,2,3,1,1,2,2,813,1,1,3,1910,55,54,0.233,13.23,79,1,NaN,18.9,1700,47.2,34,0,0,2,0.6,40,33,100,100
1.9901e+007,244,49,47103,1,1,2,1,1,1,1,1,1,2,2,813,10,1,3,1910,40,54,0.267,14.42,87,1,NaN,4.5,1700,56.2,39.3,0,0,2.5,1,40,33,96.8,100
1.9901e+007,245,49,47103,2,1,2,1,1,2,3,1,1,2,1,802,2,1,3,1910,72.5,54,0.2,14.5,82,0.75,50,2.2,1900,56.7,41.6,0,0,3,0.9,40,33,100,100
1.9901e+007,179,49,47103,2,1,2,1,1,2,3,1,1,2,2,813,5,1,3,1910,47.5,54,0.2,16.08,69,1,NaN,3.3,1700,55.5,41.1,0,0,2.5,0.9,40,30,103.3,100
1.9901e+007,81,49,47103,2,1,2,1,1,2,3,1,1,2,4,816,2,1,3,1910,60,50,0.3,15,72,0.75,30,15.9,1700,44.2,39.8,1,0,3,0.5,40,33,100,100
1.9901e+007,365,60,34752,1,1,1,1,1,1,1,2,1,2,3,824,9,3,1,1910,50,48,0.333,15.8,70,NaN,30,0,1900,58.8,41.2,5,0,2.5,1.2,30,33,100,100
1.9901e+007,352,60,34752,1,1,1,1,1,1,1,1,1,2,3,824,2,3,3,1910,50,48,0.233,15.5,68,0.8125,30,0,1900,57.4,42.6,10,0,1.5,1,30,33,100,100
1.9901e+007,182,39,36928,1,1,2,1,1,1,1,1,1,2,4,815,9,1,1,1910,40,54,0.233,15,80,0.75,28,0,1800,58.8,41.2,0,0,2.5,1.2,30,33,100,100
1.9901e+007,170,39,36928,1,1,2,1,1,1,1,1,1,2,4,815,2,1,1,1910,40,54,0.3,15,88,0.75,28,0,1800,58.8,41.2,0,0,2.5,1.2,30,33,100,100
1.9901e+007,272,61,25424,2,1,2,1,1,2,3,1,1,1,3,821,7,3,3,1911,40,54,0.333,14.1,80,NaN,20,24.8,1850,41.3,33.9,3,0,2.5,0.8,40,40,103.3,100
1.9901e+007,80,51,36859,2,2,2,1,1,2,2,1,1,1,1,802,2,1,3,NaN,50,65,NaN,17,100,0.625,52,5.6,1650,55.5,38.9,0,0,3,0.6,45,NaN,NaN,100
1.9901e+007,368,33,34093,2,1,2,1,1,2,2,1,1,1,3,821,7,3,3,1910,52.5,62,0.433,14.5,95,0.75,20,0,1950,58.8,41.2,0,0,2,1,38,35,100,100
1.9901e+007,74,50,36859,2,1,2,1,1,2,3,1,1,1,1,802,2,1,3,1910,50,56,0.2,14.3,105,0.75,70,0,1600,55.5,44.5,0,0,3,1,45,35,100,100
1.9901e+007,42,40,36649,1,1,2,1,1,1,1,1,1,NaN,2,813,6,1,4,1911,47.5,62,0.333,15,84,NaN,NaN,5.6,NaN,56.2,38.2,0,0,2.5,1,35,40,96.7,100
1.9901e+007,88,40,36649,1,1,2,1,1,1,1,1,1,NaN,2,813,1,1,4,1911,47.5,62,NaN,15,80,NaN,NaN,5.6,NaN,56.2,38.2,0,0,2.5,1,35,40,96.9,100
1.9901e+007,201,59,34547,1,1,2,1,1,1,1,1,1,2,4,815,9,2,1,1910,30,58,0.433,15.9,81,0.625,30,0,2150,62.5,37.5,10,0,2.5,1,30,35,90,100
1.9901e+007,207,59,34547,1,1,2,1,1,1,1,1,1,2,4,815,2,2,1,1910,30,58,0.333,16.3,78,0.625,30,0,2150,58.8,41.2,10,0,2.5,1,30,35,90,100
1.9901e+007,344,64,36894,1,1,2,1,1,1,1,1,1,2,3,824,2,3,1,1910,30,51,0.3,16,70,0.8125,20,0,2250,58.8,41.2,0,0,1.5,0.6,30,35,103.3,100
1.9901e+007,342,64,36894,1,1,2,1,1,1,1,2,1,2,3,824,9,3,1,1910,30,51,0.333,16,76,0.875,25,19.1,2250,42.7,38.2,3,0,1.2,0.5,30,35,103.3,100
1.9901e+007,391,64,36057,1,1,2,1,1,1,1,1,1,2,3,827,9,3,1,1910,30,58,0.467,15,98,0.75,30,0,2300,58.8,41.2,6,0,2.25,1,30,35,100,100
1.9901e+007,396,64,36057,1,1,2,1,1,1,1,1,1,2,3,827,2,3,1,1910,30,58,0.467,15,96,0.75,30,0,2300,58.8,41.2,6,0,3,0.75,30,35,100,100
1.9901e+007,97,17,36024,2,1,2,1,1,1,3,1,1,1,4,815,9,3,1,1910,52.5,54,0.433,16.3,90,0.75,38,0,1800,62.5,38.5,0,0,2.9,1.1,33,35,100,100
1.9901e+007,93,17,36024,2,1,2,1,1,1,3,1,1,1,4,815,2,3,1,1910,55.5,54,0.233,15,82,0.75,38,0,1800,58.8,41.2,0,0,2,1,33,35,100,100
1.9901e+007,366,61,25424,2,2,2,1,1,2,3,1,3,2,3,821,2,3,3,NaN,40,54,NaN,14.6,85,NaN,20,21.7,1850,43.5,34.8,0,0,2.5,0.8,40,NaN,NaN,100
1.9901e+007,10,22,34397,2,1,2,1,1,2,3,1,1,2,2,813,1,1,6,1910,50,53,0.3,16,65,0.75,NaN,15.8,1300,49.5,34.7,0,0,2.5,1,28,35,93.5,100
1.9901e+007,87,22,34397,2,1,2,1,1,2,3,1,1,2,2,813,6,1,6,1910,50,53,0.3,16.5,90,0.75,NaN,11.3,1300,51.5,37.1,0,0,2.5,0.7,28,35,100,100
1.9901e+007,129,28,36846,2,1,2,1,1,2,2,1,1,2,1,802,7,1,3,1910,50,59,0.367,13,92,0.625,49,0,1300,58.8,41.2,0,0,3,1.1,40,35,100,100
1.9901e+007,37,14,38025,2,1,2,1,1,2,3,1,1,1,4,815,9,1,3,1910,57.5,55,0.333,14,86,0.75,30,13,1700,50,37,0,0,2.9,0.9,34,35,100,100
1.9901e+007,224,14,38025,2,1,2,1,1,2,3,1,1,1,4,815,2,1,3,1910,55,55,0.3,13,86,0.75,28,13.7,1700,49,37.3,0,0,3,0.8,34,35,100,100
1.9901e+007,50,12,36874,NaN,2,2,1,1,1,1,1,1,2,4,815,9,1,1,NaN,NaN,60,NaN,15.5,80,NaN,30,13,1750,54.3,32.6,0,0,2.75,1,33,NaN,NaN,100
1.9901e+007,41,12,37874,NaN,2,2,1,1,1,1,1,1,2,4,815,2,1,1,NaN,NaN,60,NaN,15,78,0.625,34,15,1750,50,35,0,0,2.5,1,33,NaN,NaN,100
1.9901e+007,86,16,36911,2,1,2,1,1,2,2,1,1,1,2,813,6,1,3,1910,50,59,0.4,15,90,0.75,NaN,0,1500,58.8,41.2,0,0,2.5,1,40,35,100,100
1.9901e+007,395,61,25427,2,1,2,1,1,2,3,1,1,1,3,821,7,3,3,1910,55,49,0.233,15.6,80,1,30,35.8,1950,41.7,22.5,1,0,2.7,1,40,37,100,100
1.9901e+007,169,52,34092,2,1,2,1,1,2,3,1,1,2,4,815,2,1,NaN,1910,65,49,0.333,13.5,82,0.625,30,0,1350,68.2,31.8,1,0,2.5,1,38,37,103.2,100
1.9901e+007,140,29,36846,1,1,2,1,1,2,3,1,1,1,1,802,2,1,3,1910,65,65,0.4,14,100,0.75,40,7,1200,58.1,34.9,0,0,2.5,1,40,35,100,100
1.9901e+007,263,64,36058,1,1,2,1,1,1,1,1,1,NaN,3,824,6,3,1,1911,50,58,0.3,16,NaN,0.875,24,0,2200,58.8,41.2,0,0,1.2,0.6,30,42,93.75,100
1.9901e+007,183,52,34092,2,1,2,1,1,2,3,1,1,1,4,815,9,1,NaN,1910,65,58,0.4,15,74,0.625,32,0,1800,57.5,42.5,1,0,2.5,1,38,37,103.2,100
1.9901e+007,309,64,36058,1,1,2,1,1,1,1,1,1,NaN,3,824,2,3,1,1911,50,58,0.333,15.5,75,0.8125,24,0,2200,58.8,41.2,0,0,1.5,0.6,30,42,100,100
1.9901e+007,161,67,34367,2,1,2,1,1,2,3,1,1,2,4,816,9,3,3,1911,62.5,47,0.167,17,75,0.75,30,14.3,1700,47.6,38.1,0,0,3,0.5,40,40,96.9,100
1.9901e+007,271,5,34583,1,1,2,1,1,1,1,1,1,2,3,827,9,3,1,1911,40,47,0.2,15,75,0.75,25,0,2100,61.1,38.9,0,0,2.4,1.1,33,40,96.9,100
1.9901e+007,277,61,25428,2,1,2,1,1,2,3,1,1,2,3,821,2,3,3,1911,45,47,0.2,14,80,0.75,20,18,1800,45,37,0,0,2.5,0.8,40,40,96.9,100
1.99e+007,357,30,23040,2,2,2,1,1,2,3,1,1,1,3,821,7,3,NaN,NaN,50,59,0.333,14.5,71,0.625,20,11.1,1650,55.5,33.3,0,0,2.5,1,40,NaN,NaN,100
1.9901e+007,232,47,36784,2,1,2,1,1,2,3,1,1,2,4,815,2,1,3,1910,60,58,0.333,15.1,93,1,25,0,1650,56.1,33.9,0,0,2.5,1,40,35,100,100
1.9901e+007,63,47,36784,2,1,2,1,1,2,3,1,1,1,4,815,2,1,3,1910,50,58,0.367,13.5,100,0.75,35,0,1750,55.5,44.5,3,0,2.7,0.5,40,35,100,100
1.9901e+007,9,49,47104,2,1,2,1,1,2,3,1,1,2,1,802,2,1,3,1910,40,56,0.3,16.5,80,NaN,45,20.3,1400,44.2,35.5,0,0,3,0.6,40,35,100,100
1.9901e+007,173,49,47104,2,1,2,1,1,2,3,1,1,2,1,802,7,1,3,1911,30,56,0.433,16,70,NaN,60,21.8,1400,45.4,32.8,0,0,3,0.9,40,40,96.8,100
1.9901e+007,230,47,36784,2,1,2,1,1,2,3,1,3,2,4,815,9,1,3,1910,37.5,56,0.3,14,82,0.625,28,0,1700,58.8,41.2,2,0,2.5,0.5,40,35,100,100
1.9901e+007,178,49,47104,2,1,2,1,1,2,3,1,3,2,2,813,5,1,3,1911,50,56,0.333,14.6,74,0.75,NaN,7.5,1400,53.8,38.7,0,4,2.4,0.8,40,40,96.8,100
1.9901e+007,67,49,47104,2,1,2,1,1,2,3,1,3,2,2,813,1,1,3,1911,57.5,56,0.5,13.8,73,0.75,NaN,4.4,1400,52.7,42.9,0,0,2,0.5,40,40,96.8,100
1.9901e+007,310,5,34583,1,1,2,1,1,1,1,1,1,2,3,827,2,3,1,1911,45,55,0.2,14,73,0.75,30,0,2100,61.1,38.9,0,0,2.5,0.8,33,40,96.8,100
1.9901e+007,323,37,34714,1,1,2,1,1,1,1,1,1,2,3,824,9,3,1,1911,30,56,0.2,14.7,87,0.875,20,0,2150,58.8,41.2,12,0,1.5,0.6,30,40,96.8,100
1.9901e+007,298,37,34714,1,1,2,1,1,1,1,1,1,2,3,824,2,3,1,1910,40,56,0.333,15.3,86,0.8125,32,0,2150,58.8,41.2,12,0,2.2,0.8,30,35,100,100
1.9901e+007,8,49,47104,2,1,2,1,1,1,1,1,1,2,2,813,10,1,3,1911,55,56,0.4,15,87,0.75,NaN,0,1250,62.5,37.5,0,0,2.5,1,40,40,96.8,100
1.9901e+007,233,49,47104,2,1,2,1,1,1,1,1,1,2,2,813,9,1,3,1911,55,56,0.4,15,93,0.75,NaN,0,1250,62.5,37.5,0,0,2.5,1,40,40,96.8,100
1.9901e+007,246,54,36644,2,1,2,1,1,2,3,1,3,1,4,816,2,1,3,1911,60,56,0.3,16,87,0.625,26,10.5,1450,50.5,39,3,0,3,1.3,40,40,93.75,100
1.9901e+007,50,54,36644,2,1,2,1,1,2,3,1,1,1,1,802,2,1,3,1910,60,53,0.3,18,103,0.625,50,22.1,1600,41,36.9,0,0,3,0.7,40,35,105.2,100
1.9901e+007,52,54,36644,2,1,2,1,1,2,3,1,1,1,1,802,7,1,3,1910,57.5,53,0.367,14.5,70,0.625,58,20.2,1600,42,37.8,3,0,3,1,40,35,105.2,100
1.9901e+007,53,62,35683,2,1,2,1,1,2,3,1,1,1,1,802,7,1,3,1911,62.5,61,0.3,14,85,0.75,50,3.5,1660,56.8,39.7,2,0,3,1,32,40,93.75,100
1.9901e+007,55,62,35683,2,1,2,1,1,2,3,1,1,1,1,802,2,1,3,1910,65,61,0.367,14.8,80,0.375,45,19.5,1660,42.4,38.1,0,0,3,1,32,35,105.2,100
1.9901e+007,297,25,34685,1,1,2,1,1,1,1,1,1,2,3,828,2,3,1,1911,50,61,0.267,14.2,88,1,29,0,2350,52.6,47.4,NaN,0,2.5,1.1,30,40,93.75,100
1.9901e+007,357,25,34685,1,1,2,1,1,1,1,1,1,2,3,828,10,3,1,1910,50,61,0.333,13,72,1,41,0,2350,58.8,41.2,NaN,0,2,1,30,35,105.2,100
1.9901e+007,326,55,34894,1,1,2,1,1,1,1,1,1,1,3,821,2,3,1,1910,45,61,0.4,14,78,0.75,20,25.6,2100,42.7,31.7,0,0,2.5,0.8,30,35,105.2,100
1.9901e+007,302,55,34894,1,1,2,1,1,1,1,1,1,2,3,821,7,3,1,1910,50,61,0.333,13.1,70,0.75,25,21.7,2100,41.7,36.6,5,0,2.5,0.8,30,35,105.2,100
1.9901e+007,196,59,34547,1,1,2,1,1,1,1,1,1,NaN,3,827,2,2,1,1910,32.5,54,0.267,15.5,78,1,25,0,1900,58.8,41.2,10,0,2.5,0.5,30,35,93.3,100
1.9901e+007,189,59,34547,1,1,2,1,1,1,1,1,1,NaN,3,827,9,2,1,1910,32.5,54,0.5,15.5,78,1,25,0,1900,58.8,41.2,10,0,1.4,0.8,30,35,103.2,100
1.9901e+007,358,64,36066,1,1,2,1,1,1,1,1,1,2,3,827,9,3,1,1911,40,54,0.2,15,72,0.75,35,0,2500,58.5,41.5,0,0,2.1,1.1,30,40,100,100
1.9901e+007,384,64,36066,1,1,2,1,1,1,1,1,1,2,3,827,2,3,1,1911,40,54,0.367,15,78,0.75,20,0,2500,61.1,38.9,0,0,2.5,0.7,30,40,100,100
1.9901e+007,347,64,36066,1,1,2,1,1,1,1,1,1,2,3,824,9,3,1,1910,45,54,0.2,15,80,0.8125,20,0,2000,58.8,41.2,0,0,1.5,0.6,33,35,111.1,100
1.9901e+007,156,63,34493,NaN,1,2,1,1,1,3,1,1,1,4,816,9,3,NaN,1910,NaN,51,0.167,16,75,0.5,30,0,1800,58.8,41.2,0,0,2.1,1,30,35,100,100
1.9901e+007,278,55,34896,1,1,2,1,1,1,1,1,1,2,3,828,2,3,3,1910,40,54,0.4,15.2,88,0.875,NaN,5.9,2300,49.5,44.6,8,0,2.5,1,33,35,111.1,100
1.9901e+007,308,55,34896,1,1,2,1,1,1,1,1,1,2,3,828,9,3,3,1910,40,54,0.333,14.7,90,0.875,NaN,0,2300,52.6,47.4,4,0,3,1.1,33,35,111.1,100
1.9901e+007,35,22,23050,2,1,2,1,1,2,3,1,1,2,4,816,2,1,3,1910,57.5,54,0.367,16.2,79,0.5,23,19,1500,47.6,33.4,5,0,3,1,32,35,93.3,100
1.9901e+007,85,54,36644,2,1,2,1,1,2,3,1,1,1,1,802,2,1,3,1910,60,53,0.333,16.5,88,0.75,55,22.1,1550,41,36.9,0,0,3,0.8,40,35,105.1,100
1.9901e+007,65,22,23050,2,1,2,1,1,2,3,1,1,2,4,816,9,1,3,1910,55,54,0.3,15.8,79,0.5,30,12.4,1500,51.5,36.1,0,0,3,0.5,32,35,93.3,100
1.9901e+007,63,54,36644,2,1,2,1,1,2,3,1,1,1,1,802,7,1,3,1910,60,53,0.3,14.7,70,0.75,50,20.2,1550,42,37.8,3,0,3,1,40,35,111.1,100
1.9901e+007,151,64,36882,1,1,2,1,1,1,1,1,1,2,4,816,2,3,1,1910,45,53,0.3,15.2,78,1,NaN,13.3,2150,51,35.7,2,0,2.5,1.1,30,35,111.1,100
1.9901e+007,155,64,36882,1,1,2,1,1,1,1,1,1,2,4,816,9,3,1,1910,35,53,0.267,14.7,80,1,NaN,5.5,2150,55.6,38.9,0,0,2.5,0.4,30,35,111.1,100
1.9901e+007,162,63,34483,1,1,2,1,1,1,3,1,1,2,4,816,2,3,NaN,1910,35,55,0.5,15,70,0.5,32,0,1950,58.8,41.2,0,0,2.5,1.3,30,35,100,100
1.9901e+007,162,63,34493,1,1,2,1,1,1,1,1,1,1,4,816,2,3,NaN,1910,35,55,0.233,15,70,0.5,35,0,2000,58.8,41.2,0,0,2.5,1.5,30,35,100,100
1.9901e+007,156,63,34493,NaN,1,2,1,1,1,3,1,1,1,4,816,9,3,3,1910,NaN,54,0.333,17,94,0.25,26,0,1900,56.8,43.2,0,0,2.5,0.9,30,35,100,100
1.9901e+007,159,63,34493,1,1,2,1,1,1,3,1,1,1,4,816,2,3,3,1911,NaN,54,0.2,14,80,0.3125,34,3.4,1900,56.8,39.8,0,0,2.5,1.3,30,40,106.7,100
1.9901e+007,319,5,34585,1,1,2,NaN,1,1,1,1,1,2,3,828,2,3,1,1910,30,50,0.2,15.6,84,1,NaN,0,2400,58.8,41.2,4,0,2.5,0.9,33,35,96.8,100
1.9901e+007,361,5,34585,1,1,2,NaN,1,1,1,1,1,2,3,828,9,3,1,1910,30,50,0.333,15.8,92,1,NaN,0,2400,58.5,41.2,2,0,3,1.4,33,35,96.8,100
1.9901e+007,254,58,36776,2,1,2,1,1,2,3,1,3,2,1,802,7,1,3,1910,45,50,0.2,14.5,70,0.75,42,5.3,1700,52.6,42.1,0,0,3,0.8,40,45,100,100
1.9901e+007,253,58,36776,2,1,2,1,1,2,3,1,3,2,1,802,2,2,3,1910,40,50,0.267,13.5,75,0.75,45,0,1700,58.8,41.2,0,0,3,0.6,40,35,100,100
1.9901e+007,324,61,25433,2,1,2,1,1,2,3,1,1,2,3,821,7,3,3,1910,50,50,0.2,16.2,75,0.75,25,3.3,1850,54.9,41.8,2,0,2.7,0.9,40,35,100,100
1.9901e+007,79,23,38016,2,1,2,1,1,2,3,1,1,1,1,802,7,1,6,1910,45,54,0.333,14.8,70,0.75,50,13,1420,54.3,32.6,0,0,3,0.9,28,35,106.9,100
1.9901e+007,167,23,38016,2,1,2,1,1,2,3,1,1,1,1,802,2,1,6,1910,45,54,0.233,14.3,67,0.75,45,12.3,1420,51.5,36.1,0,0,3,0.6,28,35,106.9,100
1.9901e+007,200,59,34549,1,1,2,1,1,1,1,1,1,1,4,815,2,2,1,1911,45,54,0.267,14,90,0.75,30,0,2000,58.8,41.2,0,0,3,1,33,40,103.3,100
1.9901e+007,348,48,34175,1,1,2,1,1,1,1,1,1,1,3,821,7,3,NaN,1910,30,54,0.233,15.8,68,0.75,25,6.4,2000,53.2,40.4,4,0,2.3,0.8,35,35,106.9,100
1.9901e+007,321,63,34493,1,1,2,1,1,1,1,1,1,2,3,824,9,3,NaN,1910,30,54,0.5,13.6,70,0.8125,30,0,2000,58.8,41.2,0,0,2.3,0.9,30,35,100,100
1.9901e+007,311,48,34175,1,1,2,1,1,1,1,1,1,2,3,821,2,3,NaN,1910,30,54,0.333,16.8,71,0.75,25,18,2000,45,36.9,0,0,2.5,0.9,35,35,106.9,100
1.9901e+007,284,63,34493,1,1,2,1,1,1,1,1,1,2,3,824,2,3,NaN,1910,30,54,0.167,14.6,70,0.8125,30,0,2000,58.8,41.2,0,0,1.5,0.6,30,35,106.9,100
1.9901e+007,204,59,34549,1,1,2,1,1,1,1,1,1,2,4,816,9,2,1,1910,45,54,0.167,18,90,0.5,26,8.3,1875,52.1,39.6,0,0,3,1,33,35,106.9,100
1.9901e+007,205,59,34549,1,1,2,1,1,1,1,1,1,2,4,815,9,2,1,1910,45,54,0.367,15,100,0.75,33,2.3,2000,56.8,40.9,0,0,2.75,0.9,33,35,106.9,100
1.9901e+007,46,23,38016,2,1,2,1,1,2,3,1,1,2,2,813,1,1,NaN,1910,45,56,0.3,15.5,78,0.75,NaN,11.1,1350,55.5,33.3,0,0,2.2,0.9,28,35,100,100
1.9901e+007,64,23,38016,2,1,2,1,1,2,3,1,1,2,2,813,5,1,NaN,1911,45,56,0.233,16,64,0.75,NaN,11.1,1350,55.5,33.3,0,0,2.5,0.5,28,40,103.3,100
1.9901e+007,394,45,34154,2,1,2,1,1,2,3,1,1,1,3,828,2,3,NaN,1910,45,56,0.333,14.9,85,1,30,17.3,1600,48.1,34.6,0,0,2.8,1,40,35,100,100
1.9901e+007,270,45,34154,2,1,2,1,1,2,3,1,1,1,3,828,10,3,1,1910,30,56,0.367,14.7,83,1,30,10.8,1600,53.8,35.5,0,6,2.6,1.2,40,35,100,100
1.9901e+007,333,5,34585,1,1,2,1,1,1,1,1,1,2,3,828,2,3,1,1910,57.5,57,0.367,15.3,84,1,30,19,2400,47.6,33.3,0,0,3,1,33,40,93.75,100
1.9901e+007,268,5,34585,1,1,2,1,1,1,1,1,1,2,3,828,10,3,1,1910,57.5,57,NaN,14.2,78,1,30,10.5,2400,52.6,36.8,0,0,2.5,1,33,40,93.75,100
1.9901e+007,227,27,38061,2,1,2,1,1,2,3,1,3,NaN,4,815,1,2,3,1911,47.5,49,0.367,15,84,0.75,28,2.2,1600,54.3,43.5,0,0,3,0.9,34,30,108.1,100
1.9901e+007,288,61,25437,2,1,2,1,1,2,3,1,1,1,3,821,7,3,3,1911,57.5,51,0.333,15.2,70,0.625,25,11.1,1850,50.5,38.4,3,0,2.5,0.8,34,30,100,100
1.9901e+007,272,61,25437,2,1,2,1,1,2,3,1,1,1,3,821,2,3,3,1911,57.5,51,0.267,15.6,81,0.75,25,9.8,1850,49,41.2,0,0,2.7,0.6,34,30,100,100
1.9901e+007,354,5,38013,1,1,2,1,1,2,1,1,1,2,3,824,2,3,NaN,1910,40,55,0.533,15.4,80,0.8125,30,10.2,2400,51,38.8,0,0,1.7,0.7,30,45,93.75,100
1.9901e+007,347,5,38013,1,1,2,1,1,2,1,1,1,2,3,824,9,3,NaN,1910,45,55,0.3,16.1,82,0.75,30,0,2400,58.8,41.2,0,0,2,0.8,30,45,93.75,100
1.9901e+007,43,20,34399,2,1,2,1,1,2,3,1,1,2,2,813,1,1,3,1911,40,54,0.3,15,70,NaN,NaN,10,NaN,50,40,0,0,2.5,0.8,60,30,100,100
1.9901e+007,169,20,34399,2,1,2,1,1,2,3,1,1,2,2,813,5,1,3,1910,42.5,54,0.3,15,70,NaN,NaN,13.4,1500,48.1,38.5,2,0,2.5,1,60,45,93.75,100
1.9901e+007,142,6,34066,2,1,2,1,1,2,3,1,1,1,1,802,7,1,1,1910,52.5,55,0.333,14,70,0.625,55,7.9,1600,57.5,34.44,4,0,3,0.8,40,45,93.75,100
1.9901e+007,139,6,34066,2,1,2,1,1,2,3,1,1,2,1,802,2,1,1,1910,52.5,55,0.433,14,80,NaN,55,9.9,1600,49.5,40.6,0,0,3,0.5,40,45,93.75,100
1.9901e+007,216,59,34551,1,1,2,1,1,1,1,1,1,2,4,815,1,2,1,1910,35,72,0.367,15.2,72,1,36,0,2200,65.2,34.8,0,0,2.5,1,30,40,93.6,90
1.9901e+007,216,59,34551,1,1,2,1,1,1,1,1,1,1,4,815,1,2,1,1910,35,56,0.267,15,70,1,33,0,2350,65.2,34.8,0,0,2.5,1,30,40,93.75,90
1.9901e+007,119,19,34749,1,2,2,1,1,1,1,1,1,1,4,816,2,3,1,NaN,NaN,46,NaN,16,72,0.5,32,0,1673,58.8,41.2,0,0,2.5,1.5,30,NaN,NaN,NaN
1.9901e+007,217,59,34551,1,1,2,1,1,1,1,1,1,1,4,815,1,2,1,1910,40,60,0.2,15.5,73,0.75,28,0,1850,65.2,34.8,0,0,2.8,1,30,40,100,90
1.9901e+007,34,49,47103,2,1,2,1,1,2,3,1,1,1,1,802,7,1,3,1911,60,50,0.233,14.5,70,0.75,45,15.6,1650,45.8,38.5,2,0,2.5,1,40,40,100,100
1.9901e+007,39,49,47105,2,1,2,1,1,2,3,1,1,1,4,816,2,1,3,1910,60,50,0.267,14.9,88,0.375,32,10.3,1700,51.5,38.1,5,0,3,1.3,40,40,103.3,100
1.9901e+007,61,49,47103,2,1,2,1,1,2,3,1,1,1,1,802,2,1,3,1910,60,50,0.3,14.5,60,0.75,40,19,1650,47.6,33.3,0,0,2.5,1,40,40,103.3,100
1.9901e+007,82,49,47105,2,1,2,2,1,2,3,1,1,1,4,816,9,1,3,1910,65,50,0.267,15,86,0.25,28,10.5,1700,52.6,36.8,2,0,2.5,0.6,40,40,103.3,100
1.9901e+007,166,49,47105,2,1,2,1,1,2,3,1,1,2,2,813,5,1,3,1911,55,47,0.367,13,70,NaN,NaN,14.1,1600,50.5,35.3,0,0,2.5,0.5,40,35,106.25,100
1.9901e+007,172,49,47105,2,1,2,1,1,2,3,1,1,2,2,813,1,1,3,1911,65,47,0.367,12,68,NaN,NaN,0,1600,58.8,41.2,0,0,2.8,0.8,40,35,106.25,100
1.9901e+007,235,49,47105,2,1,2,1,1,1,1,1,1,2,2,813,10,1,3,1911,55,47,0.233,15.5,74,NaN,NaN,0,1600,62.5,37.5,0,0,2.5,1,40,35,106.25,100
1.9901e+007,239,49,47105,2,1,2,1,1,1,1,1,1,2,2,813,9,1,3,1910,55,47,0.2,14,71,NaN,NaN,0,1600,62.5,37.5,0,0,2.5,0.7,40,40,90.3,100
1.9901e+007,82,49,47105,2,1,2,1,1,2,3,1,1,2,4,816,9,1,3,1910,65,60,0.267,14.5,80,0.25,38,15.8,1900,49.5,34.6,0,0,2.9,0.7,40,40,103.3,100
1.9901e+007,39,49,47105,2,1,2,1,1,2,3,1,1,2,4,816,2,1,3,1910,60,60,0.267,14,76,0.375,30,10.3,1900,51.5,38.1,5,0,2.6,1.1,40,40,103.3,100
1.9901e+007,216,59,34551,1,1,2,1,1,1,1,1,1,1,4,815,1,2,1,1910,40,49,0.267,14,82,0.625,30,0,2150,65.2,34.8,1,0,2.5,0.9,30,40,93.75,90
1.9901e+007,109,44,36197,1,1,2,1,1,2,1,1,1,1,4,815,1,3,3,1910,55,50,0.133,14,80,0.625,32,8,2000,60,32,0,0,2.5,0.9,35,40,93.55,90
1.9901e+007,109,44,36197,1,1,2,1,1,2,1,1,1,2,4,815,1,3,3,1910,55,48,0.367,14.5,76,0.5,30,8,2000,60,32,0,0,2.5,1,35,40,93.55,90
1.9901e+007,358,61,25441,2,1,2,1,1,2,3,1,1,1,3,821,7,3,3,1910,55,50,0.267,17,89,1,22,10.4,1650,52.1,37.5,0.75,0,2.5,1.1,34,40,93.55,90
1.9901e+007,93,44,36197,1,1,2,1,1,2,3,1,1,2,4,816,2,3,6,1911,55,50,0.2,17,78,0.25,32,9.7,1900,52.2,38.1,0,0,3,0.9,35,40,96.97,90
1.9901e+007,307,60,34754,1,1,1,1,1,1,1,1,1,2,3,824,2,3,1,1910,42.5,48,0.2,16,70,0.8125,35,0,2050,66.7,33.3,2,0,1.7,1,30,40,93.55,90
1.9901e+007,303,60,34754,1,1,1,1,1,1,1,1,1,1,3,824,9,3,1,1910,42.5,48,0.2,15,76,0.875,30,3.6,2050,60.2,36.2,0,0,2.5,1,30,40,93.55,90
1.9901e+007,320,63,36578,1,1,2,1,1,1,1,1,1,1,3,827,9,3,6,1911,35,48,0.233,14.5,76,0.75,20,0,2225,62.5,37.5,4,0,2.7,1.2,33,40,106.25,90
1.9901e+007,292,63,36578,1,1,2,1,1,1,1,1,1,1,3,827,2,3,6,1911,35,48,0.3,14.5,74,0.75,20,0,2225,62.5,37.5,4,0,2,1.2,33,40,106.25,90
1.9901e+007,218,59,34551,1,1,2,1,1,1,1,1,1,2,4,815,9,2,1,1910,30,48,0.233,15,88,0.75,35,7.7,NaN,57.7,34.6,0,0,2.8,0.8,30,40,100,90
1.9901e+007,382,61,25440,2,1,2,NaN,1,2,3,1,1,1,3,821,2,3,3,1911,47.5,49,0.433,14.5,88,0.625,25,34.5,2000,43.5,22,0,0,2.5,0.7,40,40,96.97,90
1.9901e+007,61,49,47105,2,1,2,1,1,2,3,1,1,2,2,813,1,1,3,1911,60,48,0.367,14,76,1,NaN,5.6,1600,55.6,38.8,0,0,2.5,0.7,40,40,96.97,90
1.9901e+007,34,49,47105,2,1,2,1,1,2,3,1,1,2,2,813,5,1,3,1911,60,48,0.4,16,72,1,NaN,15.2,1600,44.6,40.2,0,4,2.1,0.7,40,40,96.97,90
1.9901e+007,122,44,36197,1,1,2,1,1,2,3,1,1,1,4,816,9,3,3,1911,47.5,52,0.3,15.2,76,0.75,30,17.5,1700,48.7,33.8,0,0,2.5,0.8,35,40,114.3,100
1.9901e+007,185,13,38059,2,1,2,1,1,2,3,1,1,2,1,802,7,1,3,1911,42.5,52,0.333,16.8,80,0.625,40,0,1700,54.3,45.7,3,0,3,1,34,40,107.4,100
1.9901e+007,120,44,36197,1,1,2,1,1,2,3,1,1,2,4,815,9,3,6,1911,47.5,53,0.3,15,72,0.75,25,22,1500,45.9,32.1,0,0,2.5,0.8,35,40,114.3,100
1.9901e+007,125,44,36197,1,1,2,1,1,2,3,1,1,2,4,815,2,3,6,1911,47.5,58,0.333,14,85,0.75,28,16.5,1800,48.5,35,0,0,2.5,0.5,35,40,114.3,100
1.9901e+007,93,44,36197,1,1,2,1,1,2,3,1,1,2,4,816,2,3,6,1910,55,48,0.233,18,76,0.25,24,10,1600,60,30,0,0,3,0.9,35,40,93.55,90
1.9901e+007,386,10,38218,1,1,2,1,1,1,1,1,1,2,3,821,7,3,1,1911,30,52,0.333,16.5,80,0.625,40,0,1800,58.1,41.9,1,0,2.5,0.4,35,40,107.4,100
1.9901e+007,184,13,38059,2,1,2,1,1,2,3,1,1,1,1,802,2,1,3,1910,42.5,52,0.233,18,70,0.625,45,0,1700,58.8,41.2,0,0,3,0.7,34,40,103.13,100
1.9901e+007,330,61,25443,2,1,2,1,1,2,3,1,1,2,3,821,7,3,3,1911,47.5,54,0.3,14,65,0.625,25,16.1,1500,44.6,39.3,4,0,2.5,1,34,40,114.29,100
1.9901e+007,224,57,38240,2,1,2,1,1,2,3,1,3,2,1,802,7,1,6,1911,60,46,0.333,NaN,80,0.625,50,12.4,1391,51.5,36.1,2,0,2.7,1,38.5,40,114.29,100
1.9901e+007,226,57,38240,2,1,2,1,1,2,3,1,3,2,1,802,2,1,6,1911,60,46,0.333,NaN,70,0.625,50,19,1391,47.6,33.3,0,0,2.7,0.7,38.5,40,114.29,100
1.9901e+007,211,59,34522,1,1,2,1,1,1,3,1,1,2,4,816,9,2,3,1911,35,50,0.3,14,74,0.25,28,0,2500,58.8,41.2,0,0,2.5,0.7,30,40,114.29,100
1.9901e+007,200,59,34522,1,1,2,1,1,1,3,1,1,2,4,816,2,2,3,1911,40,50,0.3,13,74,0.25,25,0,2500,58.8,41.2,2,0,2.5,0.5,30,40,114.29,100
1.9901e+007,343,5,34587,1,1,2,1,1,1,1,1,1,1,3,827,2,3,1,1911,30,53,0.333,14,85,0.75,30,15,2290,50,35,0,0,2,1.5,33,40,110.7,100
1.9901e+007,336,5,34587,1,1,2,1,1,1,1,1,1,1,3,827,9,3,1,1911,30,53,0.3,15,80,0.75,30,15,2290,50,35,0,0,2.5,1,33,40,110.7,100
1.9901e+007,331,60,34756,1,1,1,1,1,1,1,1,1,2,3,824,2,3,1,1911,30,54,0.333,16.3,80,0.8125,30,0,2100,60,40,3,0,2.5,1.2,30,40,114.29,100
1.9901e+007,364,60,34756,1,1,1,1,1,1,1,1,1,2,3,824,9,3,1,1911,30,54,NaN,14.9,72,1.25,30,3.6,2100,60.2,36.1,1.5,0,2.5,1.2,30,40,114.29,100
1.9901e+007,102,66,34996,1,1,2,1,1,1,1,1,1,2,4,816,9,3,NaN,1910,35,43,0.367,13,75,0.75,NaN,0,2000,62.5,37.5,0,0,2.5,1.1,30,40,100,100
1.9901e+007,285,61,25445,2,1,2,1,1,2,3,1,1,2,3,821,7,3,3,1910,52.5,43,0.267,15,71,0.75,28,7.4,1500,53.2,39.4,0,0,2.5,1,34,40,98.3,100
1.9901e+007,289,44,36165,2,1,2,1,1,2,3,1,1,1,3,828,2,3,3,1910,65,43,0.2,16,78,0.75,30,12,2100,46.3,41.7,0,0,2,1,40,40,100,100
1.9901e+007,303,44,36165,2,1,2,1,1,2,3,1,1,1,3,828,9,3,3,1910,65,42,0.233,17.5,100,1.125,25,17.5,2250,48.5,34,0,0,2.5,1,40,40,100,100
1.9901e+007,289,44,36165,2,1,2,1,1,2,3,1,1,1,3,828,2,3,3,1910,65,42,0.2,17,80,1,22,15,2250,50,35,1,0,2.5,1,40,40,100,100
1.9901e+007,108,5,34588,1,1,2,1,1,1,1,1,1,2,4,815,9,3,1,1910,37.5,43,0.2,16,76,0.9375,NaN,0,2180,62.5,37.5,2,0,2.9,1.2,33,40,96.77,100
1.9901e+007,100,64,36059,NaN,2,2,1,1,1,1,1,1,2,4,815,2,3,1,NaN,NaN,42,NaN,16.1,73,0.625,30,0,2000,61.9,38.1,0,0,2.8,1,30,NaN,NaN,NaN
1.9901e+007,102,65,34996,1,1,2,1,1,1,1,1,1,2,4,816,9,3,NaN,1910,35,43,0.367,13,75,0.75,NaN,0,2000,62.5,37.5,0,0,2.5,1.1,30,40,100,100
1.9901e+007,94,65,34996,1,1,2,1,1,1,1,1,1,2,4,816,9,3,NaN,1910,35,42,0.3,15.9,78,0.375,32,0,2150,62.5,37.5,0,0,1.7,0.9,30,40,101.67,100
1.9901e+007,127,5,34588,1,1,2,1,1,1,1,1,1,1,4,815,2,3,1,1910,40,43,0.233,15.5,85,0.75,25,4.7,2000,58.1,37.2,0,0,2.5,1,33,40,96.77,100
1.9901e+007,114,5,34588,1,1,2,1,1,1,1,1,1,2,4,815,2,3,1,1910,40,43,0.267,17.2,78,0.9375,NaN,1,2180,58.3,40.7,2,0,2.4,0.8,33,40,96.77,100
1.9901e+007,268,61,25466,2,1,2,1,1,2,3,1,1,2,3,821,7,3,3,1910,50,43,0.267,17,72,0.625,30,14.3,1600,47.6,38.1,0,0,2.5,1,34,40,96.77,100
1.9901e+007,300,61,25477,2,1,2,1,1,2,3,1,1,1,3,821,7,3,3,1911,50,42,0.2,17,73,0.4375,20,18.5,1800,46.3,35.1,2,0,2.5,1,34,40,100,100
1.9901e+007,234,49,47106,2,1,2,1,1,2,3,1,1,2,1,802,2,1,1,1910,40,43,0.2,13.5,76,0.75,52,4.4,1726,55,40.6,0,0,3,1,40,40,96.77,100
1.9901e+007,124,37,34716,1,1,2,1,1,2,1,1,1,2,4,816,9,3,3,1910,40,43,0.267,16.4,79,0.3125,35,0.5,2400,59.5,40,0.5,0,2.6,1.1,35,40,96.77,100
1.9901e+007,124,37,34716,1,1,2,1,1,2,1,1,1,1,4,816,9,3,3,1910,40,51,0.233,15,70,0.25,24,0.5,0,59.5,40,0,0,3,1,35,40,100,100
1.9901e+007,101,65,34997,1,1,2,1,1,1,1,1,1,1,4,815,1,3,1,1910,32.5,43,0.2,13,80,0.75,28,0,1500,62.5,37.5,0,0,0,0,30,40,100,100
1.9901e+007,91,37,34716,1,1,2,1,1,2,1,1,1,2,4,816,2,3,3,1910,40,43,0.233,15.6,81,0.5,34,0,2400,62.5,37.5,5,0,NaN,0.9,35,40,96.77,100
1.9901e+007,117,37,34716,1,1,2,1,1,2,1,1,1,2,4,816,7,3,3,1910,37.5,43,0.2,15.8,80,0.5,32,0,2400,62.5,37.5,5,0,2.5,0.9,35,40,96.77,100
1.9901e+007,192,59,34553,1,1,2,1,1,1,1,1,1,2,3,827,2,2,1,1910,45,42,0.267,14.9,75,1,25,10.5,1660,52.6,36.9,0,0,2.5,1,30,40,101.67,100
1.9901e+007,191,59,34553,1,1,2,1,1,1,1,1,1,2,3,827,9,2,1,1910,45,42,0.2,14,80,NaN,20,7.6,NaN,54.3,38.1,0,0,NaN,NaN,30,40,101.67,100
1.9901e+007,267,44,36166,1,1,2,1,1,2,1,1,1,1,3,828,2,3,3,1910,45,43,0.2,16,80,0.75,30,3.1,2200,51,45.9,0,0,2.5,1.3,35,40,103.33,100
1.9901e+007,332,44,36166,1,1,2,1,1,2,1,1,1,1,3,828,9,3,3,1910,50,43,0.2,15.5,72,0.75,30,5.1,2200,50.6,44.3,0,0,2.5,1.3,35,40,96.77,100
1.9901e+007,75,49,47106,2,1,2,1,1,2,3,1,1,1,1,802,7,1,3,1910,40,45,0.233,13.6,90,0.75,45,0,1386,62.5,37.5,0,0,3,0.7,40,40,96.77,100
1.9901e+007,75,49,47106,2,1,2,1,1,2,3,1,1,1,1,802,7,1,3,1910,40,42,0.2,15,65,0.75,55,0,1650,62.5,37.5,0,0,2.5,1,40,40,96.77,100
1.9901e+007,372,10,34442,2,1,2,1,1,2,3,1,1,1,3,821,7,3,3,1910,50,43,0.267,14,74,0.625,20,2.2,1800,56.2,41.6,0,0,3,1,38,40,96.875,100
1.9901e+007,112,65,34997,1,1,2,1,1,1,1,1,1,2,4,815,9,3,1,1910,50,47,0.2,16.2,74,0.75,28,10.8,2000,53.4,35.8,0,0,2.5,1.3,30,40,100,100
1.9901e+007,106,65,34997,1,1,2,1,1,1,1,1,1,2,4,815,2,3,1,1910,50,47,0.267,16,92,0.75,35,0,1800,68,32,1,0,2.6,1.2,30,40,100,100
1.9901e+007,249,60,34759,1,1,1,1,1,1,1,1,1,2,4,816,1,2,1,1910,32.5,47,0.267,16.1,88,0.3125,28,0,2189,62.5,37.5,0,0,2.4,0.8,30,40,100,100
1.9901e+007,250,60,34759,1,1,1,1,1,1,1,1,1,2,4,816,2,2,1,1910,32.5,47,0.2,20,79,0.3125,29,0,2189,58.1,41.9,5,0,2.5,1.25,30,40,100,100
1.9901e+007,111,41,34781,1,1,2,1,1,2,1,1,1,2,4,816,2,3,3,1910,70,43,0.3,18.1,78,0.5,28,14.4,2125,48.1,37.5,5,0,3,0.9,33,40,100,100
1.9901e+007,98,41,34781,1,1,2,1,1,2,1,1,1,2,4,816,9,3,3,1910,70,43,0.233,16,77,0.8175,28,15.9,2125,46.5,37.6,3,0,1.75,0.6,33,40,100,100
1.9901e+007,252,60,34759,1,1,1,1,1,1,1,1,1,2,4,816,9,2,1,1910,40,47,0.2,16.53,78,0.8125,24,0,2189,58.8,41.2,0,0,2,0.8,30,40,100,100
1.9901e+007,115,65,34997,1,1,2,1,1,1,1,1,1,2,4,815,2,3,1,1910,32.5,45,0.233,14,94,0.625,25,0,1800,66.7,33.3,0,0,2.1,1,30,40,100,100
1.9901e+007,251,60,34259,1,1,1,1,1,1,1,1,1,1,4,815,1,2,1,1911,40,47,0.267,15,88,0.5,34,0,1700,62.5,37.5,0,0,0,0,30,40,100,100
1.9901e+007,234,49,47106,2,1,2,1,1,2,3,1,1,2,1,802,2,1,3,1911,40,46,0.3,15,70,0.75,50,0,1800,53.9,46.1,0,0,2.5,1,40,40,100,100
1.9901e+007,75,49,47106,2,1,2,1,1,2,3,1,1,1,1,802,7,1,3,1911,40,50,0.233,14,70,0.75,45,0,1800,60.2,39.8,0,0,2.5,1,40,40,100,100
1.9901e+007,360,61,25447,2,1,2,1,1,2,3,1,1,1,3,821,2,3,3,1911,45,41,0.2,15,78,0.75,20,14.6,1800,48.5,36.9,0,0,2.5,1,34,40,100,100
1.9901e+007,187,59,34554,1,1,2,1,1,2,1,1,1,2,3,827,2,2,3,1910,45,42,0.2,14,75,1,20,11.2,1800,51,37.8,8,0,2.5,1,35,40,100,100
1.9901e+007,188,59,34554,1,1,2,1,1,2,1,1,1,2,3,827,9,2,3,1911,45,42,0.333,14,75,1,20,0,1800,58.9,41.1,8,0,3,2,35,40,100,100
1.9901e+007,363,44,36167,1,1,NaN,1,1,2,1,1,1,2,3,828,2,3,4,1910,45,41,0.333,15.8,78,1,40,0,2300,62.5,37.5,4,0,2.5,1.4,35,40,100,100
1.9901e+007,361,44,36167,1,1,NaN,1,1,2,1,1,1,2,3,828,9,3,4,1910,45,41,0.2,14.6,74,1,32,21,2300,47.6,31.4,4,0,2.5,1.1,35,40,96.77,100
1.9901e+007,258,61,25450,2,1,2,1,1,2,3,1,1,2,3,821,7,3,3,1910,45,42,0.4,14.8,72,0.625,20,0,1800,58.8,41.2,0,0,2.5,0.9,34,40,106.25,100
1.9901e+007,124,46,36805,2,1,2,1,1,2,3,1,1,2,4,815,9,3,6,1910,50,42,0.267,16,88,0.75,33,11.5,1650,52.1,36.4,0,0,2.5,1,38,40,106.25,100
1.9901e+007,106,46,36805,2,1,2,1,1,2,3,1,1,1,4,815,2,3,6,1910,50,42,0.3,17,88,0.75,30,0,1600,62.5,27.5,5,0,2.6,1,38,40,106.25,100
1.9901e+007,106,46,36805,2,1,2,1,1,2,2,1,1,2,4,815,2,3,6,1910,50,42,0.233,15,90,1,35,0,1650,55.5,44.5,0,0,2.5,1,38,40,100,100
1.9901e+007,259,61,25450,2,1,2,1,1,2,3,1,1,2,3,821,2,3,3,NaN,50,42,0.367,15.5,73,0.625,20,3.6,1800,60.2,36.2,0,0,2.5,0.9,34,40,106.25,100
1.9901e+007,240,6,38120,2,1,2,NaN,1,2,2,1,1,2,4,815,2,1,3,1910,45,43,0.3,20,84,0.625,33,NaN,1200,NaN,NaN,0,0,2.5,0.5,40,40,106.25,100
1.9901e+007,317,25,34692,1,1,2,1,1,1,3,1,1,1,3,824,2,3,1,1910,45,42,0.3,15,70,0.8125,40,0,1500,58.8,41.2,3,0,2,1,30,40,100,100
1.9901e+007,248,58,35001,2,1,2,1,1,2,3,1,1,2,4,816,9,2,3,1910,40,42,0.2,12.7,84,0.5,32,0,1750,62.5,37.5,0,0,2.5,0.9,40,40,100,100
1.9901e+007,295,30,23048,2,1,2,1,1,2,3,1,1,2,3,821,7,3,NaN,1910,40,42,0.333,15.5,64,0.625,20,10.5,1550,52.6,36.9,0,0,2,0.6,40,40,106.25,100
1.9901e+007,378,30,23048,2,1,2,1,1,2,3,1,1,2,3,821,2,3,NaN,1910,40,42,0.333,16,78,0.625,20,0,1550,62.5,37.5,0,0,2.5,1,40,40,106.25,100
1.9901e+007,168,2,27490,1,1,2,1,1,2,1,1,1,1,1,802,2,1,3,1910,32,42,0.233,16,70,0.625,46,0,1350,60.2,39.8,0,0,3,1,34,40,100,100
1.9901e+007,68,2,27490,1,1,2,1,1,2,1,1,1,1,1,802,7,1,3,1910,32,42,0.233,16,70,0.625,48,0,1350,63.9,36.1,0,0,3,1,34,40,100,100
1.9901e+007,315,61,25452,2,1,2,1,1,2,3,1,1,2,3,821,7,3,3,1910,67.5,50,0.167,16.5,73,0.875,20,18.1,1800,47.6,34.3,0,0,2.5,0.8,34,40,110.71,100
1.9901e+007,128,6,38121,2,1,2,1,1,2,3,1,1,2,4,815,9,1,1,1911,45,60,0.3,16,88,0.75,33,0,1500,56.8,43.2,0,0,2.9,1.1,40,40,103.22,100
1.9901e+007,255,58,35001,2,1,2,1,1,2,2,1,1,1,4,816,2,2,3,1910,42,42,0.267,14.5,78,1,28,0,1800,61.7,38.3,0,0,2.5,2,40,40,100,100
1.9901e+007,141,6,38121,2,1,2,1,1,2,2,1,1,1,4,815,2,1,1,1910,45,40,0.3,16,89,0.625,22,0,1300,60,40,1,0,2.5,1,40,40,106.45,100
1.9901e+007,132,6,38121,2,1,2,1,1,2,2,1,1,1,4,815,2,1,1,1910,45,42,0.267,14,89,0.75,26,0,1450,58.8,41.2,1,0,2.5,1,40,40,103.22,100
1.9901e+007,44,22,35525,2,1,2,1,1,2,3,1,1,1,4,815,9,1,3,1910,40,54,0.3,14.8,87,NaN,29,0,1000,58.8,41.2,0,0,2.9,1,40,40,106.45,100
1.9901e+007,136,6,38121,2,1,2,1,1,2,3,1,1,1,4,815,9,1,1,1910,45,42,0.367,16,83,0.625,30,0,1950,58.8,41.2,0,0,2.5,1,40,40,106.45,100
1.9901e+007,33,34,34099,2,1,2,1,1,2,3,1,1,1,1,802,2,1,3,1910,45,41,0.267,13.3,70,0.75,50,0,1700,60.2,39.8,0,0,3,0.8,38,40,117.85,100
1.9901e+007,36,34,34099,2,1,2,1,1,2,3,1,1,1,1,802,7,1,3,1910,45,41,0.267,13.3,70,0.75,50,0,1700,63.9,36.1,0,0,3,0.7,38,40,117.85,100
1.9901e+007,248,58,35001,2,1,2,1,1,2,3,1,1,1,4,816,9,2,3,NaN,35,42,0.2,15.5,80,1,26,0,1800,62.5,37.5,3,0,2.5,2,40,40,100,100
1.9901e+007,389,61,25452,2,1,2,1,1,2,3,1,1,2,3,821,2,3,3,1910,65,50,0.2,15.1,75,0.625,20,19,1800,47.6,33.4,0,0,2.7,0.6,34,40,110.71,100
1.9901e+007,381,61,25451,2,1,2,1,1,2,3,1,1,2,3,821,7,3,3,1910,55,40,0.3,15.1,69,0.625,20,19.5,1450,44.2,36.3,0,0,2.5,0.9,34,40,106.45,100
1.9901e+007,8,49,48201,2,1,2,1,1,2,3,1,1,2,4,815,2,1,3,1911,62,52,0.433,15,78,0.75,28,5.9,1400,58.8,35.3,4,0,2.5,0.8,40,40,103.22,100
1.9901e+007,210,59,34556,1,1,2,1,1,1,1,1,1,2,4,816,2,2,1,1910,37.5,42,0.2,16,70,0.375,28,0,2400,58.8,41.2,3,0,3,0.8,30,40,106.45,100
1.9901e+007,62,22,35525,2,1,2,1,1,2,3,1,1,2,4,815,2,1,3,1910,40,54,0.267,22.2,77,0.625,32,6.25,1000,56.25,37.5,0,0,3,1.2,40,40,106.45,100
1.9901e+007,198,59,34556,1,1,2,1,1,1,1,1,1,2,4,816,9,2,1,1910,37.5,40,0.2,14,80,0.25,24,0,2400,58.8,41.2,2,0,2.5,0.8,30,40,106.45,100
1.9901e+007,208,59,34556,1,1,2,1,1,1,1,1,1,2,4,816,2,2,1,1910,37.5,50,NaN,15.5,95,0.625,26,0,2350,62.5,37.5,1,0,2.6,0.6,30,40,106.45,100
1.9901e+007,218,59,34556,1,1,2,1,1,1,1,1,1,2,4,816,2,2,1,1910,37.5,41,NaN,15,80,0.5,30,0,2398,58.8,41.2,9,0,2.5,0.7,30,40,106.45,100
1.9901e+007,322,5,34590,1,1,2,1,1,1,1,1,1,2,3,827,9,3,1,1910,50,40,0.3,15,72,0.75,30,0,2233,58.8,41.2,8,0,1.5,1,33,40,106.45,100
1.9901e+007,299,5,34590,1,1,2,1,1,1,1,1,1,2,3,827,2,3,1,1910,50,40,0.233,15,88,0.75,30,0,2233,58.8,41.2,8,0,3,1,33,40,106.45,100
1.9901e+007,296,25,34693,1,1,2,1,1,1,1,1,1,2,3,828,2,3,1,NaN,45,41,0.2,16.1,74,1,30,0,1800,62.5,37.5,1,0,2.5,1.2,30,40,106.45,100
1.9901e+007,262,25,34693,1,1,2,1,1,1,1,1,1,2,3,828,9,3,1,1910,50,41,0.2,15.7,80,1,43,0,1800,62.5,37.5,1,0,2.5,1.5,30,40,106.45,100
1.9901e+007,375,25,34694,1,1,2,1,1,1,1,1,1,2,3,824,2,3,1,1910,30,41,0.333,15.5,74,0.8125,30,2.5,1900,58,39.5,4.5,0,1.9,1.3,30,40,114.28,100
1.9901e+007,69,22,35525,2,1,2,1,1,2,3,1,1,2,4,815,2,1,3,1910,40,41,0.267,15.5,76,0.75,28,3.6,1750,60.2,36.1,4,0,3,1,40,40,117.85,100
1.9901e+007,335,61,25502,2,1,2,1,1,2,3,1,1,2,3,821,2,3,3,1911,52,52,0.267,16,78,0.75,30,14.1,1250,50.5,53.4,0,0,3,0.9,34,40,103.22,100
1.9911e+007,131,16,37001,2,1,2,1,1,2,3,1,1,1,1,802,7,1,NaN,1911,45,62,0.233,15,76,0.75,50,0,1500,58.8,41.2,0,0,3,1.2,38,40,103.22,100
1.9911e+007,334,25,35462,1,1,2,1,1,1,1,1,1,1,3,824,2,3,NaN,NaN,40,58,0.2,17,75,0.05625,30,0,1900,58.8,41.2,0,0,2.6,1.4,30,40,103.22,100
1.9911e+007,130,16,37001,2,1,2,1,1,2,3,1,1,2,1,802,7,1,NaN,1910,60,60,0.233,15,80,0.75,56,14.3,1380,47.6,38.1,0,0,3,1,38,40,106.4,100
1.9911e+007,242,1,24780,1,1,2,1,1,2,1,1,1,2,4,816,9,1,NaN,1911,47.5,65,0.2,14,80,0.5,27,11.5,1725,52.1,36.4,3,0,3,0.9,34,40,103.13,100
1.9911e+007,401,44,37371,1,1,2,1,1,2,1,1,1,1,4,816,2,3,NaN,1910,40,58,0.2,15.5,84,0.375,25,9,2000,52.8,38.2,5,0,3,1.1,35,40,103.13,100
1.9911e+007,399,44,37371,1,1,2,1,1,2,1,1,1,2,4,816,9,3,NaN,1910,40,58,0.267,15,80,0.1875,NaN,3.2,2000,53.8,43,0,0,2.5,1,35,40,103.13,100
1.9911e+007,169,1,24780,1,1,2,1,1,2,1,1,1,2,4,816,2,1,NaN,1911,47.5,65,0.2,15.7,87,0.25,NaN,5.6,1725,55.6,38.9,3,0,3,0.85,34,40,103.13,100
1.9911e+007,200,59,88231,1,1,2,1,1,1,1,1,1,2,4,816,9,2,NaN,1910,40,62,0.2,13.7,91,0.375,32,5.6,2300,55.6,38.9,2,0,2.5,1,33,40,100,100
1.9911e+007,214,59,88231,1,1,2,1,1,1,1,1,1,2,4,816,2,2,NaN,1910,40,62,0.2,14.9,80,0.5,28,3.4,2303,56.8,39.8,2,0,2.5,0.6,33,40,100,100
1.9911e+007,355,5,37182,1,1,2,1,1,1,1,1,1,2,3,821,2,3,NaN,1911,45,58,0.2,15,75,0.625,20,10.5,2100,52.6,36.8,0,0,2.5,0.7,33,40,103.13,100
1.9911e+007,384,5,37182,1,1,2,1,1,1,1,1,1,2,3,821,7,3,NaN,1911,45,58,0.2,15,72,0.625,25,10.5,2100,52.6,36.8,5,0,2.5,0.8,33,40,103.13,100
1.9911e+007,288,61,25530,2,1,2,1,1,2,3,1,1,2,3,821,7,3,NaN,1910,42,58,0.233,16,78,0.5,25,0,1800,58.8,41.2,5,0,2.5,1,34,40,103.13,100
1.9911e+007,49,9,37970,1,1,2,1,1,2,1,1,1,2,1,802,2,1,NaN,1910,27.5,41,0.267,17.58,80,0.75,50,3.4,1490,56.8,39.8,0,0,3,1,35,40,103.13,100
1.9911e+007,40,9,37970,1,1,2,1,1,2,1,1,1,2,1,802,7,1,NaN,1911,35,41,0.267,16.66,78,0.75,50,7.6,1490,54.3,38,0,0,3,1,35,40,106.7,100
1.9911e+007,135,16,37001,2,1,2,1,1,2,3,1,1,2,1,802,2,1,NaN,1910,60,60,0.2,15,80,0.75,50,10.4,1380,47.2,42.5,0,0,3,1,38,40,106.5,100
1.9911e+007,78,1,24780,1,1,2,1,1,2,1,1,1,2,1,802,2,1,NaN,1910,40,60,0.2,15,80,0.625,50,0,1400,58.8,41.2,0,0,3,0.6,34,40,103.1,100
1.9911e+007,58,1,24780,NaN,1,2,1,1,2,1,1,1,2,1,802,7,1,NaN,1910,NaN,60,0.2,15,80,0.625,50,6.6,1400,54.9,38.5,6,0,3,1.1,34,40,103.1,100
1.9911e+007,202,58,35529,2,1,2,1,1,2,3,1,1,2,1,802,2,2,NaN,1910,45,58,0.2,17,72,0.75,NaN,3.2,1470,53.8,43,0,0,3,1,34,40,100,100
1.9911e+007,341,60,35874,1,1,1,1,1,1,1,1,1,1,3,824,2,3,NaN,1910,40,62,0.3,16.1,82,0.812,30,5.7,1800,56.8,37.5,10,0,0.7,0.5,30,40,106.5,100
1.9911e+007,305,60,35874,1,1,1,1,1,1,1,1,1,1,3,824,9,3,NaN,1911,40,62,0.233,16.1,78,0.5625,25,5.5,1800,55,39.5,0,0,1.6,1.5,30,40,103.23,100
1.9911e+007,290,64,37508,1,1,2,1,1,1,1,1,1,2,3,824,9,3,NaN,1910,45,57,0.233,15,88,0.5625,30,10.4,1900,52.1,37.5,0,0,2.5,1.8,30,40,100,100
1.9911e+007,346,64,37513,1,1,2,1,1,1,1,1,1,2,3,824,2,3,NaN,1911,40,59,0.3,16.4,85,0.8125,30,0,1900,58.8,41.2,10,0,2,0.8,30,40,96.88,100
1.9911e+007,374,55,35761,1,1,2,1,1,1,1,1,1,2,3,828,2,3,NaN,1910,35,59,0.2,16.1,82,NaN,28,0,2500,58.8,41.2,0,0,2.5,1.3,30,40,100,100
1.9911e+007,358,55,35761,1,1,2,1,1,1,1,1,1,2,3,828,9,3,NaN,1910,35,59,0.2,16.1,84,NaN,30,0,2500,55,45,0,0,2.5,1.1,30,40,100,100
1.9911e+007,256,31,37018,1,1,2,1,1,1,1,1,1,2,4,816,2,2,NaN,1911,42.5,47,0.2,16.2,78,0.75,30,0,2100,56.2,43.8,0,0,2.5,1.2,33,40,110,100
1.9911e+007,241,4,39200,2,1,2,1,1,2,3,1,1,1,4,815,2,1,NaN,1910,40,68,0.2,14.8,90,1,30,0,1440,58.8,41.2,0,0,2.5,1,40,40,103.13,100
1.9911e+007,401,44,37371,1,1,2,1,1,2,1,1,1,2,4,816,2,3,NaN,1910,40,60,0.2,15,85,1,25,6.9,2100,54,39.1,0,0,2.5,1.2,35,40,103.13,100
1.9911e+007,221,33,39027,2,1,2,1,1,2,3,1,1,2,4,816,2,1,NaN,1911,50,65,NaN,16,80,0.5,28,12.5,1550,50,37.5,0,0,2.5,1.5,34,40,106.45,100
1.9911e+007,236,33,39027,2,1,2,1,1,2,3,1,1,1,4,816,9,1,NaN,1910,50,60,0.267,16,78,0.5,28,4.5,1520,53,42,0,0,2.5,1.5,34,40,106.2,100
1.9911e+007,104,5,37189,1,1,2,1,1,1,1,1,1,2,4,815,2,3,NaN,1910,40,63,0.233,15.8,80,0.75,30,10.5,2000,52.6,36.9,0,0,3,1,33,40,109.7,100
1.9911e+007,225,64,37510,1,1,2,1,1,1,1,1,1,2,4,815,9,1,NaN,1910,40,60,0.2,14.5,85,1,35,0,1250,58.8,41.2,2.5,0,1.5,1,30,40,100,100
1.9911e+007,75,9,37964,1,1,2,1,1,2,1,1,1,2,4,815,2,1,NaN,1910,40,69,0.2,14.5,76,0.625,22,0,1250,58.8,41.2,1,0,2.5,1,35,40,100,100
1.9911e+007,89,64,37510,1,1,2,1,1,1,1,1,1,1,4,815,2,1,NaN,1910,45,61,0.2,14,98,0.75,30,0,1600,58.8,41.2,2,0,2.4,0.9,30,40,100,100
1.9911e+007,144,9,37965,1,1,2,1,1,2,1,1,1,1,4,816,9,1,NaN,1910,55,61,0.283,21,78,1,28,0,1500,58.8,41.2,3,0,2.5,0.7,35,40,100,100
1.9911e+007,257,31,37018,1,1,2,1,1,1,1,1,1,2,4,816,9,2,NaN,1911,42.5,52,0.2,16,82,0.75,30,0,2150,58.8,41.2,0,0,2.5,1,33,40,110,100
1.992e+007,146,16,34250,2,1,2,1,1,2,2,1,1,1,4,816,2,1,NaN,1911,50,47,0.2,15,80,0.625,28,0,1750,59,41,0,0,1,1,38,40,91.89,100
1.992e+007,149,49,47301,2,1,2,1,1,2,3,1,1,2,4,816,2,1,NaN,1910,NaN,44,0.2,14.3,78,0.25,32,0,1650,56.8,43.2,3,0,2.5,2.5,40,40,100,100
1.992e+007,149,49,47301,1,1,2,1,1,2,3,1,1,2,4,816,2,1,NaN,1911,NaN,43,0.2,15.2,78,0.75,32,8.2,1500,51,40.8,2,0,2.7,1.8,40,40,106.25,100
1.992e+007,149,49,47301,2,1,2,1,1,2,3,1,1,2,4,816,2,1,NaN,1911,55,44,0.2,15,70,0.625,28,8.2,1700,51,40.8,0,0,2.5,2,40,40,100,100
1.9911e+007,116,60,35880,1,1,1,1,1,1,1,1,1,2,4,816,2,1,NaN,1910,40,38,NaN,16.5,85,0.625,30,4.3,1900,53.2,42.5,0,0,3,1,30,40,103.13,100
1.9911e+007,116,60,35880,1,1,1,1,1,1,1,1,1,NaN,4,816,2,3,NaN,1910,40,40,NaN,15.7,85,0.3125,27,4.3,2050,53.2,42.5,1,0,2.5,1.5,30,40,103.13,100
1.9911e+007,121,60,35880,1,1,1,1,1,1,1,1,1,2,4,816,2,3,NaN,1911,40,40,0.3,14.9,75,0.625,28,4.3,2000,53.2,42.5,4,0,2.5,1.5,30,40,117.86,100
1.9911e+007,362,61,25550,2,1,2,1,1,2,3,1,1,2,3,821,7,3,NaN,1911,40,47,0.2,14.5,85,0.75,25,10.5,1850,52.6,36.9,2,0,0,0,34,40,110,100
1.9911e+007,269,11,37068,1,1,2,1,1,1,1,1,1,2,3,821,2,3,NaN,1911,40,49,0.3,17,75,0.625,30,0,1600,58.8,41.2,0,0,2.5,0.65,33,40,109.6,100
1.9911e+007,209,58,35529,2,1,2,1,1,2,3,1,1,2,1,802,7,2,NaN,1911,47.5,58,0.217,13.1,70,NaN,55,10,1660,50,40,0,0,2.9,1,34,40,96.88,100
1.992e+007,97,43,29442,2,1,2,1,1,2,2,1,1,2,4,816,2,3,NaN,1910,50,40,0.2,15.2,78,1,24,0,1850,58.8,41.2,0,0,2.9,1.1,40,40,103.13,100
1.9911e+007,77,62,35522,2,1,2,1,1,2,3,1,1,1,1,802,2,1,NaN,1911,40,65,0.2,15,80,0.625,50,10.4,1640,47.2,42.4,1,0,3,1.5,32,40,103.13,100
1.9911e+007,281,19,37575,1,1,2,1,1,1,1,1,1,2,3,824,2,3,NaN,1910,30,NaN,0.3,17,78,0.8125,30,0,1700,58.8,41.2,0,0,2.5,1.2,30,40,106.25,100
1.992e+007,351,19,34272,2,1,2,1,1,1,1,1,1,2,3,824,9,3,NaN,1910,30,40,0.2,14,73,0.5625,30,0,1800,58.8,41.2,0,0,0,0,30,40,100,100
1.9911e+007,134,16,37001,2,1,2,1,1,2,3,1,1,2,1,802,7,1,NaN,1911,50,62,0.267,11.2,80,NaN,50,0,1570,58.8,41.2,0,0,3,1,38,40,103.23,100
1.9911e+007,216,58,35529,2,1,2,1,1,2,3,1,1,2,1,802,7,2,NaN,1910,45,63,0.267,15,80,0.75,50,0,1470,58.8,41.2,2,0,3,1,34,40,100,100
1.9911e+007,177,62,35522,2,1,2,1,1,2,3,1,1,1,1,802,7,1,NaN,1911,37.5,65,0.2,16,80,0.625,50,6.6,1640,54.9,38.5,3,0,3,1,32,40,103.13,100
1.992e+007,3,44,34514,1,1,2,1,1,2,1,1,1,2,3,821,7,3,NaN,1910,40,39,0.2,15,83,0.625,30,0,2000,58.1,41.9,1,0,2.5,0.6,35,40,100,100
1.992e+007,5,44,34514,1,1,2,1,1,2,1,1,1,2,3,821,7,3,NaN,1911,40,39,0.2,15,72,0.375,30,0,2000,58.1,41.9,1,0,2.5,0.3,35,40,109.9,100
1.9911e+007,273,61,25532,2,1,2,1,1,2,3,1,1,2,3,821,2,3,NaN,1910,40,59,0.25,15,80,0.75,40,13.3,1750,51,35.7,0,0,2.2,0.7,34,40,100,100
1.992e+007,229,9,37998,1,1,NaN,NaN,1,2,1,1,NaN,NaN,4,815,2,NaN,NaN,1910,30,50,0.233,16.1,79,0.625,25,NaN,1400,NaN,NaN,NaN,NaN,2.5,1,NaN,40,106,100
1.992e+007,294,30,23233,2,1,NaN,NaN,1,2,1,1,NaN,2,3,821,7,NaN,NaN,1911,40,40,0.3,14.5,72,0.625,34,NaN,1620,NaN,NaN,NaN,NaN,2.5,1.3,NaN,40,102,100
1.992e+007,7,44,34518,1,1,NaN,NaN,1,2,1,1,NaN,1,3,821,7,NaN,NaN,1911,45,36,NaN,14,76,0.625,20,NaN,1700,NaN,NaN,NaN,NaN,2,0.9,NaN,40,100,100
1.992e+007,152,53,34014,1,1,NaN,NaN,1,2,1,1,NaN,NaN,4,816,9,3,NaN,1910,40,40,0.3,15.5,75,0.75,25,NaN,1100,NaN,NaN,NaN,NaN,2.5,1,NaN,40,102.94,100
1.992e+007,268,65,34227,1,1,NaN,NaN,1,1,1,1,NaN,2,3,824,9,3,NaN,1910,35,42,0.2,15,78,0.5625,40,NaN,1750,NaN,NaN,NaN,NaN,2.3,1,NaN,40,103,100
1.992e+007,118,55,36423,1,1,NaN,NaN,1,1,1,1,NaN,2,4,815,2,3,NaN,1910,55,51,0.25,16.4,78,0.5,29,NaN,1800,NaN,NaN,NaN,NaN,1.5,1,NaN,40,100,100
1.992e+007,349,55,34294,1,1,NaN,NaN,1,1,1,1,NaN,2,3,821,2,3,NaN,1910,35,48,0.267,16,72,0.75,20,NaN,1650,NaN,NaN,NaN,NaN,1.5,1.1,NaN,40,83.33,100
1.992e+007,95,55,34293,1,1,NaN,NaN,1,1,1,1,NaN,2,4,816,2,3,NaN,1910,47.5,50,0.2,17,70,0.5,30,NaN,2000,NaN,NaN,NaN,NaN,2.2,0.7,NaN,40,103.22,100
1.9921e+007,269,60,34156,1,1,NaN,NaN,1,1,1,1,NaN,2,3,824,10,3,NaN,1911,40,52,NaN,13.5,85,0.75,30,NaN,1900,NaN,NaN,NaN,NaN,0,0,NaN,40,94.4,100
1.9921e+007,194,59,34453,1,1,NaN,NaN,1,2,1,1,NaN,2,3,827,2,2,NaN,1911,47.5,53,0.233,17,80,0.625,20,NaN,1850,NaN,NaN,NaN,NaN,2,1.5,NaN,40,105.7,100
1.9921e+007,212,59,34453,1,1,NaN,NaN,1,2,1,1,NaN,2,4,816,9,2,NaN,1910,50,56,0.3,15,80,0.1875,26,NaN,1950,NaN,NaN,NaN,NaN,2.5,1.5,NaN,40,102.86,100
1.9921e+007,329,21,34763,2,1,NaN,NaN,1,2,3,1,NaN,NaN,3,824,2,3,NaN,1911,55,56,0.3,21,80,0.875,35,NaN,1650,NaN,NaN,NaN,NaN,2.1,0.6,NaN,40,100,100
1.9921e+007,287,21,34763,2,1,NaN,NaN,1,2,3,1,NaN,2,3,824,2,3,NaN,1910,55,54,0.3,17.5,82,0.8125,28,NaN,1600,NaN,NaN,NaN,NaN,2.5,1,NaN,40,102.94,100
1.9921e+007,314,60,34157,1,1,NaN,NaN,1,2,3,1,NaN,2,3,824,2,3,NaN,1910,40,57,0.3,16,86,0.8125,30,NaN,1700,NaN,NaN,NaN,NaN,2.5,1,NaN,40,102.94,100
1.9921e+007,206,59,34465,1,1,NaN,NaN,1,1,1,1,NaN,2,4,816,1,2,NaN,1910,35,56,0.267,15.1,81,0.75,32,NaN,2000,NaN,NaN,NaN,NaN,2.5,1,NaN,40,102.94,100
1.9921e+007,6,44,34527,NaN,1,NaN,NaN,1,2,1,1,NaN,2,3,821,7,2,NaN,1910,50,66,0.3,14.8,80,0.625,30,NaN,1840,NaN,NaN,NaN,NaN,2.5,1,NaN,40,100,100
1.9921e+007,140,49,47304,2,1,NaN,NaN,1,2,3,1,NaN,2,4,815,9,1,NaN,1911,50,67,0.3,14.5,86,0.75,22,NaN,1300,NaN,NaN,NaN,NaN,2.5,2,NaN,40,102.77,100
1.9921e+007,1,74,36567,NaN,3,NaN,NaN,2,3,4,3,NaN,3,1,816,2,4,NaN,1910,NaN,62,0.333,14.5,84,NaN,23,NaN,1200,NaN,NaN,NaN,NaN,2.5,NaN,NaN,40,103.22,100
1.9921e+007,403,78,34533,NaN,3,NaN,NaN,2,4,6,3,NaN,4,3,821,2,6,NaN,1910,NaN,63,0.233,15.5,79,0.625,35,NaN,1760,NaN,NaN,NaN,NaN,2.4,1,NaN,40,106.25,100
1.9921e+007,417,73,34905,NaN,3,NaN,NaN,2,3,4,3,NaN,4,1,816,9,4,NaN,1910,NaN,67,0.3,15.1,80,0.75,28,NaN,1780,NaN,NaN,NaN,NaN,2.5,1,NaN,40,106.25,100
1.9921e+007,408,78,34534,NaN,3,NaN,NaN,2,4,6,3,NaN,4,3,821,7,5,NaN,1911,NaN,50,0.333,15.7,82,NaN,30,NaN,1850,NaN,NaN,NaN,NaN,NaN,NaN,NaN,40,103.22,100
1.9921e+007,406,78,34534,NaN,3,NaN,NaN,2,4,6,3,NaN,4,3,821,7,5,NaN,1911,NaN,60,0.3,15,82,0.5,22,NaN,1800,NaN,NaN,NaN,NaN,2.5,1,NaN,40,96.8,100
1.9921e+007,404,78,34534,NaN,3,NaN,NaN,2,4,6,3,NaN,4,3,821,7,5,NaN,1911,NaN,60,0.267,14.8,80,0.625,25,NaN,1850,NaN,NaN,NaN,NaN,2.5,1,NaN,40,96.9,100
1.9921e+007,405,78,34534,NaN,3,NaN,NaN,2,4,6,3,NaN,4,3,821,7,5,NaN,NaN,NaN,56,0.3,14.1,82,0.625,40,NaN,1800,NaN,NaN,NaN,NaN,2.5,0.9,NaN,40,96.9,100
1.9921e+007,422,75,36568,NaN,3,NaN,NaN,2,4,6,3,NaN,NaN,1,816,2,4,NaN,1911,NaN,56,0.367,15.1,78,0.5,29,NaN,1320,NaN,NaN,NaN,NaN,2.5,NaN,NaN,40,96.9,100
1.9921e+007,431,69,36054,NaN,3,NaN,NaN,2,4,6,3,NaN,4,1,816,2,4,NaN,1911,NaN,47,0.2,15,85,0.5,24,NaN,1470,NaN,NaN,NaN,NaN,1.8,1.7,NaN,40,96.9,100
1.9921e+007,402,82,24780,NaN,3,NaN,NaN,2,4,6,3,NaN,4,3,821,7,6,NaN,1911,NaN,55,0.367,15.5,76,0.75,30,NaN,1750,NaN,NaN,NaN,NaN,2.5,1.2,NaN,40,96.9,100
1.9921e+007,419,74,36569,NaN,3,NaN,NaN,2,4,5,3,NaN,4,1,816,2,4,NaN,1910,NaN,53,0.3,14.2,72,1,28,NaN,1600,NaN,NaN,NaN,NaN,2.7,1.5,NaN,40,106.1,100
1.9921e+007,423,74,36569,NaN,3,NaN,NaN,2,4,5,3,NaN,4,1,816,2,4,NaN,1910,NaN,39,0.3,15.1,71,0.625,30,NaN,1700,NaN,NaN,NaN,NaN,2.5,1.5,NaN,40,106.1,100
1.993e+007,420,79,47401,NaN,3,NaN,NaN,2,3,4,3,NaN,4,1,816,2,4,NaN,1911,NaN,46,0.3,17,80,0.25,25,NaN,1700,NaN,NaN,NaN,NaN,2.5,1.5,NaN,30,117.7,95
1.993e+007,428,80,35502,NaN,3,NaN,NaN,2,4,6,NaN,NaN,4,1,815,2,5,NaN,1910,NaN,35,0.3,16.2,88,0.5,28,NaN,1750,NaN,NaN,NaN,NaN,2.3,1,NaN,40,106,100
1.993e+007,432,77,35986,NaN,3,NaN,NaN,2,3,4,NaN,NaN,4,4,802,7,5,NaN,1910,NaN,40,0.333,14.5,70,0.75,60,NaN,1250,NaN,NaN,NaN,NaN,2,1.5,NaN,40,112.5,100
1.993e+007,430,70,37046,NaN,3,NaN,NaN,2,3,4,NaN,NaN,4,4,802,7,4,NaN,1911,NaN,39,0.3,16,72,0.75,50,NaN,1350,NaN,NaN,NaN,NaN,2.5,2.2,NaN,40,106.6,95
1.993e+007,427,69,35831,NaN,3,NaN,NaN,2,4,5,NaN,NaN,4,1,815,2,4,NaN,1911,NaN,40,0.3,16.5,84,0.625,26,NaN,1565,NaN,NaN,NaN,NaN,2.5,1,NaN,40,106.6,95
1.993e+007,407,78,85725,NaN,3,NaN,NaN,2,4,6,NaN,NaN,4,3,821,7,6,NaN,1910,NaN,44,0.2,16.22,74,0.75,30,NaN,2200,NaN,NaN,NaN,NaN,2.8,0.8,NaN,40,106.6,95
1.993e+007,418,81,35661,NaN,3,NaN,NaN,2,5,6,NaN,NaN,4,1,816,2,6,NaN,1910,NaN,47,0.233,16.5,86,0.25,NaN,NaN,1750,NaN,NaN,NaN,NaN,2.1,2.1,NaN,40,109.6,95
1.993e+007,434,72,37392,NaN,3,NaN,NaN,2,5,6,NaN,NaN,4,3,824,2,6,NaN,1910,NaN,45,0.2,17,84,0.8125,27,NaN,1865,NaN,NaN,NaN,NaN,1.5,0.7,NaN,40,109.1,95
1.9931e+007,148,79,47403,NaN,3,NaN,NaN,2,3,4,NaN,NaN,4,1,816,2,4,NaN,1911,NaN,52,0.2,16,75,0.3125,25,NaN,1500,NaN,NaN,NaN,NaN,2.5,0.6,NaN,40,109.1,100
1.9931e+007,397,78,85741,NaN,3,NaN,NaN,2,5,6,NaN,NaN,NaN,1,816,2,6,NaN,1911,NaN,NaN,0.3,15,80,0.5,30,NaN,2020,NaN,NaN,NaN,NaN,2.9,0.5,NaN,40,110.3,100
1.9931e+007,413,78,85750,NaN,3,NaN,NaN,2,4,6,NaN,NaN,4,3,827,2,6,NaN,1911,NaN,54,0.3,16.5,88,0.75,25,NaN,1850,NaN,NaN,NaN,NaN,3,2,NaN,40,107.14,95
1.9931e+007,421,79,47405,NaN,3,NaN,NaN,2,3,4,NaN,NaN,4,1,815,2,4,NaN,1911,NaN,56,0.3,14,91,1.125,27,NaN,1650,NaN,NaN,NaN,NaN,3,1.5,NaN,40,100,95
1.9931e+007,429,81,37191,NaN,3,NaN,NaN,2,3,4,NaN,NaN,4,1,815,2,4,NaN,1911,NaN,50,0.2,16.5,74,0.625,34,NaN,1750,NaN,NaN,NaN,NaN,2.6,1,NaN,40,103.13,95
1.9931e+007,429,74,35069,NaN,3,NaN,NaN,2,3,4,NaN,NaN,4,1,816,9,4,NaN,1911,NaN,56,0.2,17,75,0.75,25,NaN,1600,NaN,NaN,NaN,NaN,2,1,NaN,40,103.13,95
1.9931e+007,426,81,37191,NaN,3,NaN,NaN,2,3,4,NaN,NaN,4,1,815,9,4,NaN,1910,NaN,55,0.2,17,95,0.625,27,NaN,1600,NaN,NaN,NaN,NaN,2.5,1,NaN,40,106.25,100
1.9931e+007,416,76,35425,NaN,3,NaN,NaN,2,4,6,NaN,NaN,4,3,821,7,6,NaN,1911,NaN,54,0.267,15.5,80,0.75,40,NaN,2000,NaN,NaN,NaN,NaN,1.8,1.3,NaN,40,107.14,NaN
1.9941e+007,433,83,71331,NaN,3,NaN,NaN,2,4,6,NaN,NaN,NaN,3,824,2,6,NaN,1911,NaN,54,NaN,15.5,78,0.8125,30,NaN,2100,NaN,NaN,NaN,NaN,1.2,1,NaN,40,97.05,100
1.9941e+007,412,78,85813,NaN,3,NaN,NaN,2,4,4,NaN,NaN,4,3,828,2,6,NaN,1910,NaN,53,NaN,17,73,0.75,35,NaN,2100,NaN,NaN,NaN,NaN,2.6,1.3,NaN,40,113.3,100
1.9941e+007,415,71,38240,NaN,3,NaN,NaN,2,5,6,NaN,NaN,3,3,828,2,6,NaN,1911,NaN,NaN,NaN,16,83,NaN,28,NaN,2400,NaN,NaN,NaN,NaN,2.5,1,NaN,40,112.5,100
1.9941e+007,414,71,38240,NaN,3,NaN,NaN,2,5,6,NaN,NaN,4,3,828,9,6,NaN,1911,NaN,60,NaN,14.9,76,1,30,NaN,2500,NaN,NaN,NaN,NaN,0.5,0.5,NaN,40,112.5,100
1.9941e+007,410,78,85813,NaN,3,NaN,NaN,2,4,6,NaN,NaN,NaN,3,827,2,6,NaN,1910,NaN,56,0.3,18.3,80,1,32,NaN,1900,NaN,NaN,NaN,NaN,NaN,NaN,NaN,40,110,100
1.9941e+007,409,78,85813,NaN,3,NaN,NaN,2,4,6,NaN,NaN,NaN,3,827,9,6,NaN,1910,NaN,52,NaN,18,82,1,25,NaN,1880,NaN,NaN,NaN,NaN,1,1,NaN,40,112.5,100
1.9941e+007,424,68,38064,NaN,3,NaN,NaN,2,4,4,NaN,NaN,4,1,815,1,6,NaN,1910,NaN,NaN,0.2,16.1,76,0.5,34,NaN,2100,NaN,NaN,NaN,NaN,0,0,NaN,40,110,100
1.9941e+007,408,78,85814,NaN,3,NaN,NaN,2,4,4,NaN,NaN,NaN,3,827,2,6,NaN,1910,NaN,NaN,0.3,16.5,70,1,34,NaN,1903,NaN,NaN,NaN,NaN,2.7,2.8,NaN,40,108,100
1.9941e+007,411,78,85814,NaN,3,NaN,NaN,2,4,6,NaN,NaN,NaN,3,828,2,6,NaN,1910,NaN,46,0.267,16.4,76,1,34,NaN,1903,NaN,NaN,NaN,NaN,1.5,2.3,NaN,40,108,100
1.9941e+007,425,68,38064,NaN,3,NaN,NaN,2,4,6,NaN,NaN,4,1,815,1,6,NaN,1910,NaN,46,0.2,14.2,75,0.75,25,NaN,2050,NaN,NaN,NaN,NaN,2.5,1,NaN,40,108.1,100
