2,1,5.301e+005,38.5,66,28,3,3,NaN,2,5,4,4,NaN,NaN,NaN,3,5,45,8.4,NaN,NaN,2
1,1,5.3482e+005,39.2,88,20,NaN,NaN,4,1,3,4,2,NaN,NaN,NaN,4,2,50,85,2,2,3
2,1,5.3033e+005,38.3,40,24,1,1,3,1,3,3,1,NaN,NaN,NaN,1,1,33,6.7,NaN,NaN,1
1,9,5.2904e+006,39.1,164,84,4,1,6,2,2,4,4,1,2,5,3,NaN,48,7.2,3,5.3,2
2,1,5.3026e+005,37.3,104,35,NaN,NaN,6,2,NaN,NaN,NaN,NaN,NaN,NaN,NaN,NaN,74,7.4,NaN,NaN,2
2,1,5.2836e+005,NaN,NaN,NaN,2,1,3,1,2,3,2,2,1,NaN,3,3,NaN,NaN,NaN,NaN,1
1,1,5.268e+005,37.9,48,16,1,1,1,1,3,3,3,1,1,NaN,3,5,37,7,NaN,NaN,1
1,1,5.2961e+005,NaN,60,NaN,3,NaN,NaN,1,NaN,4,2,2,1,NaN,3,4,44,8.3,NaN,NaN,2
2,1,5.3005e+005,NaN,80,36,3,4,3,1,4,4,4,2,1,NaN,3,5,38,6.2,NaN,NaN,3
2,9,5.2996e+006,38.3,90,NaN,1,NaN,1,1,5,3,1,2,1,NaN,3,NaN,40,6.2,1,2.2,1
1,1,5.2855e+005,38.1,66,12,3,3,5,1,3,3,1,2,1,3,2,5,44,6,2,3.6,1
2,1,5.2793e+005,39.1,72,52,2,NaN,2,1,2,1,2,1,1,NaN,4,4,50,7.8,NaN,NaN,1
1,1,5.2803e+005,37.2,42,12,2,1,1,1,3,3,3,3,1,NaN,4,5,NaN,7,NaN,NaN,1
2,9,5.2913e+006,38,92,28,1,1,2,1,1,3,2,3,NaN,7.2,1,1,37,6.1,1,NaN,2
1,1,5.3492e+005,38.2,76,28,3,1,1,1,3,4,1,2,2,NaN,4,4,46,81,1,2,1
1,1,5.3023e+005,37.6,96,48,3,1,4,1,5,3,3,2,3,4.5,4,NaN,45,6.8,NaN,NaN,2
1,9,5.3012e+006,NaN,128,36,3,3,4,2,4,4,3,3,NaN,NaN,4,5,53,7.8,3,4.7,2
2,1,5.2664e+005,37.5,48,24,NaN,NaN,NaN,NaN,NaN,NaN,NaN,NaN,NaN,NaN,NaN,NaN,NaN,NaN,NaN,NaN,1
1,1,5.2905e+006,37.6,64,21,1,1,2,1,2,3,1,1,1,NaN,2,5,40,7,1,NaN,1
2,1,5.3211e+005,39.4,110,35,4,3,6,NaN,NaN,3,3,NaN,NaN,NaN,NaN,NaN,55,8.7,NaN,NaN,1
1,1,5.3016e+005,39.9,72,60,1,1,5,2,5,4,4,3,1,NaN,4,4,46,6.1,2,NaN,1
2,1,5.2934e+005,38.4,48,16,1,NaN,1,1,1,3,1,2,3,5.5,4,3,49,6.8,NaN,NaN,1
1,1,5.2168e+005,38.6,42,34,2,1,4,NaN,2,3,1,NaN,NaN,NaN,1,NaN,48,7.2,NaN,NaN,1
1,9,5.35e+005,38.3,130,60,NaN,3,NaN,1,2,4,NaN,NaN,NaN,NaN,NaN,NaN,50,70,NaN,NaN,1
1,1,5.3369e+005,38.1,60,12,3,3,3,1,NaN,4,3,3,2,2,NaN,NaN,51,65,NaN,NaN,1
2,1,5.2952e+005,37.8,60,42,NaN,NaN,NaN,1,NaN,NaN,NaN,NaN,NaN,NaN,NaN,NaN,NaN,NaN,NaN,NaN,1
1,1,5.3053e+005,38.3,72,30,4,3,3,2,3,3,3,2,1,NaN,3,5,43,7,2,3.9,1
1,1,5.2865e+005,37.8,48,12,3,1,1,1,NaN,3,2,1,1,NaN,1,3,37,5.5,2,1.3,1
1,1,5.2794e+006,NaN,NaN,NaN,NaN,NaN,NaN,NaN,NaN,NaN,NaN,NaN,NaN,NaN,NaN,NaN,NaN,NaN,NaN,NaN,2
2,1,5.3542e+005,37.7,48,NaN,2,1,1,1,1,1,1,1,1,NaN,NaN,NaN,45,76,NaN,NaN,1
2,1,5.2948e+005,37.7,96,30,3,3,4,2,5,4,4,3,2,4,4,5,66,7.5,NaN,NaN,2
2,1,5.3024e+005,37.2,108,12,3,3,4,2,2,4,2,NaN,3,6,3,3,52,8.2,3,7.4,3
1,1,5.2943e+005,37.2,60,NaN,2,1,1,1,3,3,3,2,1,NaN,4,5,43,6.6,NaN,NaN,1
1,1,5.2966e+005,38.2,64,28,1,1,1,1,3,1,NaN,NaN,NaN,NaN,4,4,49,8.6,2,6.6,1
1,1,5.298e+005,NaN,100,30,3,3,4,2,5,4,4,3,3,NaN,4,4,52,6.6,NaN,NaN,1
2,1,5.2881e+005,NaN,104,24,4,3,3,2,4,4,3,NaN,3,NaN,NaN,2,73,8.4,NaN,NaN,3
2,1,5.2949e+005,38.3,112,16,NaN,3,5,2,NaN,NaN,1,1,2,NaN,NaN,5,51,6,2,1,3
1,1,5.3385e+005,37.8,72,NaN,NaN,3,NaN,1,5,3,1,NaN,1,NaN,1,1,56,80,1,2,1
2,1,5.29e+005,38.6,52,NaN,1,1,1,1,3,3,2,1,1,NaN,1,3,32,6.6,1,5,1
1,9,5.2774e+006,39.2,146,96,NaN,NaN,NaN,NaN,NaN,NaN,NaN,NaN,NaN,NaN,NaN,NaN,NaN,NaN,NaN,NaN,2
1,1,5.295e+005,NaN,88,NaN,3,3,6,2,5,3,3,1,3,NaN,4,5,63,6.5,3,NaN,2
2,9,5.2882e+006,39,150,72,NaN,NaN,NaN,NaN,NaN,NaN,NaN,NaN,NaN,NaN,NaN,NaN,47,8.5,NaN,0.1,1
2,1,5.303e+005,38,60,12,3,1,3,1,3,3,1,1,1,NaN,2,2,47,7,NaN,NaN,1
1,1,5.3407e+005,NaN,120,NaN,3,4,4,1,4,4,4,1,1,NaN,NaN,5,52,67,2,2,3
1,1,5.3541e+005,35.4,140,24,3,3,4,2,4,4,NaN,2,1,NaN,NaN,5,57,69,3,2,3
2,1,5.2983e+005,NaN,120,NaN,4,3,4,2,5,4,4,1,1,NaN,4,5,60,6.5,3,NaN,2
1,1,5.2989e+005,37.9,60,15,3,NaN,4,2,5,4,4,2,2,NaN,4,5,65,7.5,NaN,NaN,1
2,1,5.2982e+005,37.5,48,16,1,1,1,1,1,1,1,1,1,NaN,1,NaN,37,6.5,NaN,NaN,1
1,1,5.2889e+005,38.9,80,44,3,3,3,2,2,3,3,2,2,7,3,1,54,6.5,3,NaN,2
2,1,5.2964e+005,37.2,84,48,3,3,5,2,4,1,2,1,2,NaN,2,1,73,5.5,2,4.1,2
2,1,5.2977e+005,38.6,46,NaN,1,1,2,1,1,3,2,1,1,NaN,NaN,2,49,9.1,1,1.6,1
1,1,5.2771e+005,37.4,84,36,1,NaN,3,2,3,3,2,NaN,NaN,NaN,4,5,NaN,NaN,3,NaN,2
2,1,5.2948e+005,NaN,NaN,NaN,1,1,3,1,1,3,1,NaN,NaN,NaN,2,2,43,7.7,NaN,NaN,1
2,1,5.3054e+005,38.6,40,20,NaN,NaN,NaN,1,NaN,NaN,NaN,NaN,NaN,NaN,NaN,NaN,41,6.4,NaN,NaN,1
2,1,5.2946e+005,40.3,114,36,3,3,1,2,2,3,3,2,1,7,1,5,57,8.1,3,4.5,3
1,9,5.2828e+006,38.6,160,20,3,NaN,5,1,3,3,4,3,NaN,NaN,4,NaN,38,NaN,2,NaN,2
1,1,5.2887e+005,NaN,NaN,NaN,NaN,NaN,NaN,NaN,NaN,NaN,NaN,NaN,NaN,NaN,NaN,NaN,24,6.7,NaN,NaN,1
1,1,5.2964e+005,NaN,64,36,2,NaN,2,1,5,3,3,2,2,NaN,NaN,NaN,42,7.7,NaN,NaN,2
1,1,5.283e+005,NaN,NaN,20,4,3,3,NaN,5,4,3,2,NaN,NaN,4,4,53,5.9,3,NaN,2
2,1,5.289e+005,NaN,96,NaN,3,3,3,2,5,4,4,1,2,NaN,4,5,60,NaN,NaN,NaN,2
2,1,5.3044e+005,37.8,48,32,1,1,3,1,2,1,NaN,1,1,NaN,4,5,37,6.7,NaN,NaN,1
2,1,5.2796e+005,38.5,60,NaN,2,2,1,1,1,2,2,2,1,NaN,1,1,44,7.7,NaN,NaN,1
1,1,5.2863e+005,37.8,88,22,2,1,2,1,3,NaN,NaN,2,NaN,NaN,4,NaN,64,8,1,6,2
2,1,5.3429e+005,38.2,130,16,4,3,4,2,2,4,4,1,1,NaN,NaN,NaN,65,82,2,2,3
1,1,5.2967e+005,39,64,36,3,1,4,2,3,3,2,1,2,7,4,5,44,7.5,3,5,1
1,1,5.3489e+005,NaN,60,36,3,1,3,1,3,3,2,1,1,NaN,3,4,26,72,2,1,1
2,1,5.3478e+005,37.9,72,NaN,1,1,5,2,3,3,1,1,3,2,3,4,58,74,1,2,1
2,1,5.2893e+005,38.4,54,24,1,1,1,1,1,3,1,2,1,NaN,3,2,49,7.2,1,NaN,1
2,1,5.2978e+005,NaN,52,16,1,NaN,3,1,NaN,NaN,NaN,2,3,5.5,NaN,NaN,55,7.2,NaN,NaN,1
2,1,5.3028e+005,38,48,12,1,1,1,1,1,3,NaN,1,1,NaN,3,2,42,6.3,2,4.1,1
2,1,5.2821e+005,37,60,20,3,NaN,NaN,1,3,NaN,3,2,2,4.5,4,4,43,7.6,NaN,NaN,3
1,1,5.2942e+005,37.8,48,28,1,1,1,1,1,2,1,2,NaN,NaN,1,1,46,5.9,2,7,1
1,1,5.2993e+006,37.7,56,NaN,NaN,NaN,NaN,NaN,NaN,NaN,NaN,NaN,NaN,NaN,NaN,NaN,NaN,NaN,NaN,NaN,2
1,1,5.2847e+005,38.1,52,24,1,1,5,1,4,3,1,2,3,7,1,NaN,54,7.5,2,2.6,2
1,9,5.2929e+006,NaN,NaN,NaN,NaN,NaN,NaN,NaN,NaN,NaN,NaN,NaN,NaN,NaN,NaN,NaN,37,4.9,NaN,NaN,2
1,9,5.3409e+005,39.7,100,NaN,3,3,5,2,2,3,NaN,NaN,NaN,NaN,NaN,NaN,48,57,2,2,3
1,1,5.3462e+005,37.6,38,20,3,3,1,1,3,3,2,NaN,NaN,NaN,3,NaN,37,68,NaN,NaN,1
2,1,5.3475e+005,38.7,52,20,2,NaN,1,1,1,1,1,1,1,NaN,1,1,33,77,NaN,NaN,1
1,1,5.3069e+005,NaN,NaN,NaN,3,3,3,3,5,3,3,3,2,NaN,4,5,46,5.9,NaN,NaN,2
1,1,5.2746e+005,37.5,96,18,1,3,6,2,3,4,2,2,3,5,NaN,4,69,8.9,3,NaN,1
1,1,5.2752e+005,36.4,98,35,3,3,4,1,4,3,2,NaN,NaN,NaN,4,4,47,6.4,3,3.6,2
1,1,5.3476e+005,37.3,40,NaN,NaN,3,1,1,2,3,2,3,1,NaN,3,5,36,NaN,3,2,1
1,9,5.2908e+006,38.1,100,80,3,1,2,1,3,4,1,NaN,NaN,NaN,1,NaN,36,5.7,NaN,NaN,1
1,1,5.2798e+006,38,NaN,24,3,3,6,2,5,NaN,4,1,1,NaN,NaN,NaN,68,7.8,NaN,NaN,2
1,1,5.2985e+005,37.8,60,80,1,3,2,2,2,3,3,NaN,2,5.5,4,NaN,40,4.5,2,NaN,1
2,1,5.293e+005,38,54,30,2,3,3,3,3,1,2,2,2,NaN,NaN,4,45,6.2,NaN,NaN,1
1,1,5.2939e+005,NaN,88,40,3,3,4,2,5,4,3,3,NaN,NaN,4,5,50,7.7,3,1.4,2
2,1,5.2801e+005,NaN,40,16,NaN,NaN,NaN,1,NaN,NaN,NaN,NaN,NaN,NaN,NaN,NaN,50,7,2,3.9,3
2,1,5.297e+005,39,64,40,1,1,5,1,3,3,2,2,1,NaN,3,3,42,7.5,2,2.3,1
2,1,5.3538e+005,38.3,42,10,1,1,1,1,1,1,1,NaN,NaN,NaN,NaN,NaN,38,61,NaN,NaN,1
2,1,5.342e+005,38,52,16,NaN,NaN,NaN,NaN,2,NaN,NaN,NaN,3,1,1,1,53,86,NaN,NaN,1
2,1,5.2946e+005,40.3,114,36,3,3,1,2,2,3,3,2,1,7,1,5,57,8.1,3,4.5,2
2,1,5.3025e+005,38.8,50,20,3,1,1,1,1,1,1,2,1,NaN,3,1,42,6.2,NaN,NaN,1
2,1,5.3031e+005,NaN,NaN,NaN,3,3,1,1,5,3,3,1,1,NaN,4,5,38,6.5,NaN,NaN,2
2,1,5.2873e+005,37.5,48,30,4,1,3,1,NaN,2,1,1,1,NaN,1,1,48,8.6,NaN,NaN,1
1,1,5.3516e+005,37.3,48,20,NaN,1,2,1,3,3,3,2,1,NaN,3,5,41,69,NaN,NaN,1
2,1,5.3032e+005,NaN,84,36,NaN,NaN,3,1,NaN,3,1,2,1,NaN,3,2,44,8.5,NaN,NaN,1
1,1,5.3415e+005,38.1,88,32,3,3,4,1,2,3,3,NaN,3,1,4,5,55,60,NaN,NaN,3
2,1,5.3414e+005,37.7,44,40,2,1,3,1,1,3,2,1,1,NaN,1,5,41,60,NaN,NaN,1
2,1,5.3e+005,39.6,108,51,3,3,6,2,2,4,3,1,2,NaN,3,5,59,8,2,2.6,1
1,1,5.3536e+005,38.2,40,16,3,3,1,1,1,3,NaN,NaN,NaN,NaN,1,1,34,66,NaN,NaN,1
1,1,5.349e+005,NaN,60,20,4,3,4,2,5,4,NaN,NaN,1,NaN,4,5,NaN,NaN,NaN,NaN,3
2,1,5.3494e+005,38.3,40,16,3,NaN,1,1,2,NaN,NaN,NaN,NaN,NaN,NaN,NaN,37,57,NaN,NaN,1
1,9,5.2925e+006,38,140,68,1,1,1,1,3,3,2,NaN,NaN,NaN,2,1,39,5.3,NaN,NaN,1
1,1,5.2756e+005,37.8,52,24,1,3,3,1,4,4,1,2,3,5.7,2,5,48,6.6,1,3.7,2
1,1,5.3038e+005,NaN,70,36,1,NaN,3,2,2,3,2,2,NaN,NaN,4,5,36,7.3,NaN,NaN,1
1,1,5.2867e+005,38.3,52,96,NaN,3,3,1,NaN,NaN,NaN,1,1,NaN,1,NaN,43,6.1,NaN,NaN,1
2,1,5.2976e+005,37.3,50,32,1,1,3,1,1,3,2,NaN,NaN,NaN,1,NaN,44,7,NaN,NaN,1
1,1,5.337e+005,38.7,60,32,4,3,2,2,4,4,4,NaN,NaN,NaN,4,5,53,64,3,2,3
1,9,5.2974e+006,38.4,84,40,3,3,2,1,3,3,3,1,1,NaN,NaN,NaN,36,6.6,2,2.8,2
1,1,5.2754e+005,NaN,70,16,3,4,5,2,2,3,2,2,1,NaN,4,5,60,7.5,NaN,NaN,2
1,1,5.3374e+005,38.3,40,16,3,NaN,NaN,1,1,3,2,NaN,NaN,NaN,NaN,NaN,38,58,1,2,1
1,1,5.3496e+005,NaN,40,NaN,2,1,1,1,1,3,1,1,1,NaN,NaN,5,39,56,NaN,NaN,1
1,1,5.2793e+005,36.8,60,28,NaN,NaN,NaN,NaN,NaN,NaN,NaN,NaN,NaN,NaN,NaN,NaN,NaN,NaN,NaN,10,2
1,1,5.3235e+005,38.4,44,24,3,NaN,4,NaN,5,4,3,2,1,NaN,4,5,50,77,NaN,NaN,1
2,1,5.3372e+005,NaN,NaN,40,3,1,1,1,3,3,2,NaN,NaN,NaN,NaN,NaN,45,70,NaN,NaN,1
1,1,5.3521e+005,38,44,12,1,1,1,1,3,3,3,2,1,NaN,4,5,42,65,NaN,NaN,1
2,1,5.2905e+006,39.5,NaN,NaN,3,3,4,2,3,4,3,NaN,3,5.5,4,5,NaN,6.7,1,NaN,3
1,1,5.3398e+005,36.5,78,30,1,NaN,1,1,5,3,1,NaN,1,NaN,NaN,NaN,34,75,2,1,1
2,1,5.3517e+005,38.1,56,20,2,1,2,1,1,3,1,1,1,NaN,NaN,NaN,46,70,NaN,NaN,1
1,1,5.2868e+005,39.4,54,66,1,1,2,1,2,3,2,1,1,NaN,3,4,39,6,2,NaN,1
1,1,5.3456e+005,38.3,80,40,NaN,NaN,6,2,4,3,1,NaN,2,NaN,1,4,67,10.2,2,1,3
2,1,5.3458e+005,38.7,40,28,2,1,1,1,3,1,1,NaN,NaN,NaN,1,NaN,39,62,1,1,1
1,1,5.3036e+005,38.2,64,24,1,1,3,1,4,4,3,2,1,NaN,4,4,45,7.5,1,2,2
2,1,5.2984e+005,37.6,48,20,3,1,4,1,1,1,3,2,1,NaN,1,1,37,5.5,NaN,NaN,3
1,1,5.2846e+005,38,42,68,4,1,1,1,3,3,2,2,2,NaN,4,4,41,7.6,NaN,NaN,1
1,1,5.3038e+005,38.7,NaN,NaN,3,1,3,1,5,4,2,NaN,NaN,NaN,NaN,NaN,33,6.5,2,NaN,1
1,1,5.2625e+006,37.4,50,32,3,3,NaN,1,4,4,1,2,1,NaN,1,NaN,45,7.9,2,1,1
1,1,5.3533e+005,37.4,84,20,NaN,NaN,3,1,2,3,3,NaN,NaN,NaN,NaN,NaN,31,61,NaN,1,3
1,1,5.277e+005,38.4,49,NaN,NaN,NaN,1,1,NaN,NaN,1,2,1,NaN,NaN,NaN,44,7.6,NaN,NaN,1
1,1,5.2896e+005,37.8,30,12,NaN,NaN,NaN,NaN,NaN,NaN,NaN,NaN,NaN,NaN,NaN,NaN,NaN,NaN,NaN,NaN,2
2,1,5.3067e+005,37.6,88,36,3,1,1,1,3,3,2,1,3,1.5,NaN,NaN,44,6,NaN,NaN,2
NaN,1,5.3457e+005,38,48,20,3,1,3,1,4,3,1,2,1,NaN,3,5,43,73,2,1,NaN
2,1,5.3029e+005,37.9,40,24,1,1,1,1,2,3,1,NaN,NaN,NaN,NaN,3,40,5.7,NaN,NaN,1
1,1,5.2752e+005,NaN,100,NaN,3,NaN,4,2,5,4,NaN,2,NaN,NaN,2,NaN,59,6.3,NaN,NaN,2
1,9,5.2872e+006,38.1,136,48,3,3,3,1,5,1,3,2,2,4.4,2,NaN,33,4.9,2,2.9,2
1,1,5.3069e+005,NaN,NaN,NaN,3,3,3,2,5,3,3,3,2,NaN,4,5,46,5.9,NaN,NaN,2
1,1,5.3432e+005,38,48,NaN,1,1,1,1,1,2,4,2,2,NaN,4,5,NaN,NaN,NaN,NaN,1
2,1,5.3235e+005,38,56,NaN,1,2,3,1,1,1,1,1,1,NaN,1,1,42,71,NaN,NaN,1
2,1,5.3449e+005,38,60,32,1,1,NaN,1,3,3,NaN,1,1,NaN,NaN,NaN,50,7,1,1,1
1,1,5.2996e+005,38.1,44,9,3,1,1,1,2,2,1,1,1,NaN,4,5,31,7.3,NaN,NaN,1
2,1,5.2298e+005,36,42,30,NaN,NaN,5,1,NaN,NaN,NaN,NaN,NaN,NaN,NaN,NaN,64,6.8,NaN,NaN,2
1,1,5.304e+005,NaN,120,NaN,4,3,6,2,5,4,4,NaN,NaN,NaN,4,5,57,4.5,3,3.9,2
1,1,5.2942e+005,37.8,48,28,1,1,1,2,1,2,1,2,NaN,NaN,1,1,46,5.9,2,7,1
1,1,5.3452e+005,37.1,84,40,3,3,6,1,2,4,4,3,2,2,4,5,75,81,NaN,NaN,3
2,1,5.3525e+005,NaN,80,32,3,3,2,1,2,3,3,2,1,NaN,3,NaN,50,80,NaN,NaN,1
1,1,5.3412e+005,38.2,48,NaN,1,3,3,1,3,4,4,1,3,2,4,5,42,71,NaN,NaN,1
2,1,5.3e+005,38,44,12,2,1,3,1,3,4,3,1,2,6.5,1,4,33,6.5,NaN,NaN,2
1,1,5.2927e+005,38.3,132,NaN,NaN,3,6,2,2,4,2,2,3,6.2,4,4,57,8,NaN,5.2,1
2,1,5.3531e+005,38.7,48,24,NaN,NaN,NaN,NaN,1,1,NaN,1,1,NaN,1,NaN,34,63,NaN,NaN,1
2,1,5.3379e+005,38.9,44,14,3,1,1,1,2,3,2,NaN,NaN,NaN,NaN,2,33,64,NaN,NaN,1
1,1,5.294e+005,39.3,NaN,NaN,4,3,6,2,4,4,2,1,3,4,4,4,75,NaN,3,4.3,2
1,1,5.3384e+005,NaN,100,NaN,3,3,4,2,NaN,4,4,2,1,2,NaN,NaN,68,64,3,2,1
2,1,5.288e+005,38.6,48,20,3,1,1,1,1,3,2,2,1,NaN,3,2,50,7.3,1,NaN,1
2,1,5.3516e+005,38.8,48,40,1,1,3,1,3,3,4,2,NaN,NaN,NaN,5,41,65,NaN,NaN,1
2,1,5.2825e+005,38,48,20,3,3,4,1,1,4,2,2,NaN,5,NaN,2,49,8.3,1,NaN,1
2,1,5.29e+005,38.6,52,20,1,1,1,1,3,3,2,1,1,NaN,1,3,36,6.6,1,5,1
1,1,5.3393e+005,37.8,60,24,1,NaN,3,2,NaN,4,4,2,3,2,NaN,5,52,75,NaN,NaN,3
2,1,5.2825e+005,38,42,40,3,1,1,1,3,3,1,NaN,NaN,NaN,NaN,NaN,NaN,NaN,NaN,NaN,1
2,1,5.2813e+005,NaN,NaN,12,1,1,2,1,2,1,2,3,1,NaN,1,3,44,7.5,2,NaN,1
1,1,5.2792e+005,NaN,NaN,NaN,NaN,NaN,NaN,NaN,4,NaN,NaN,1,1,NaN,NaN,5,35,58,2,1,1
1,1,5.3043e+005,38.3,42,24,NaN,NaN,NaN,1,NaN,NaN,NaN,NaN,NaN,NaN,NaN,NaN,40,8.5,NaN,NaN,2
2,1,5.3518e+005,39.5,60,10,3,NaN,NaN,2,3,3,2,2,1,NaN,3,NaN,38,56,1,NaN,1
1,1,5.3394e+005,38,66,20,1,3,3,1,5,3,1,1,1,NaN,3,NaN,46,46,3,2,3
1,1,5.2852e+005,38.7,76,NaN,1,1,5,2,3,3,2,2,2,NaN,4,4,50,8,NaN,NaN,1
1,1,5.3493e+005,39.4,120,48,NaN,NaN,5,1,NaN,3,3,1,NaN,NaN,4,NaN,56,64,1,2,3
1,1,5.2792e+005,38.3,40,18,1,1,1,1,3,1,1,NaN,NaN,NaN,2,1,43,5.9,1,NaN,1
2,1,5.283e+005,NaN,44,24,1,1,1,1,3,3,1,2,1,NaN,NaN,1,NaN,6.3,NaN,NaN,1
1,1,5.3025e+005,38.4,104,40,1,1,3,1,2,4,2,2,3,6.5,NaN,4,55,8.5,NaN,NaN,1
1,1,5.3509e+005,NaN,65,24,NaN,NaN,NaN,2,5,NaN,4,3,1,NaN,NaN,5,NaN,NaN,NaN,NaN,3
2,1,5.3299e+005,37.5,44,20,1,1,3,1,NaN,1,1,NaN,NaN,NaN,1,NaN,35,7.2,NaN,NaN,1
2,1,5.2768e+005,39,86,16,3,3,5,NaN,3,3,3,NaN,2,NaN,NaN,NaN,68,5.8,3,6,2
1,1,5.3529e+005,38.5,129,48,3,3,3,1,2,4,3,1,3,2,NaN,NaN,57,66,3,2,1
1,1,5.2973e+005,NaN,104,NaN,3,3,5,2,2,4,3,NaN,3,NaN,4,4,69,8.6,2,3.4,2
2,1,5.1848e+005,NaN,NaN,NaN,3,4,6,NaN,4,NaN,4,NaN,NaN,NaN,NaN,NaN,NaN,NaN,NaN,NaN,2
1,1,5.2793e+005,NaN,NaN,NaN,NaN,NaN,NaN,NaN,NaN,NaN,NaN,NaN,NaN,NaN,NaN,NaN,NaN,NaN,NaN,NaN,1
1,1,5.3513e+005,38.2,60,30,1,1,3,1,3,3,1,2,1,NaN,3,2,48,66,NaN,NaN,1
1,1,5.2319e+005,NaN,68,14,NaN,NaN,4,1,4,NaN,NaN,NaN,1,4.3,NaN,NaN,NaN,NaN,2,2.8,2
1,1,5.3397e+005,NaN,60,30,3,3,4,2,5,4,4,1,1,NaN,4,NaN,45,70,3,2,1
2,1,5.2815e+005,38.5,100,NaN,3,3,5,2,4,3,4,2,1,NaN,4,5,NaN,NaN,NaN,NaN,3
1,1,5.3024e+005,38.4,84,30,3,1,5,2,4,3,3,2,3,6.5,4,4,47,7.5,3,NaN,2
2,1,5.2831e+005,37.8,48,14,NaN,NaN,1,1,3,NaN,2,1,3,5.3,1,NaN,35,7.5,NaN,NaN,1
1,1,5.2798e+006,38,NaN,24,3,3,6,2,5,NaN,4,1,1,NaN,NaN,NaN,68,7.8,NaN,NaN,2
2,1,5.3486e+005,37.8,56,16,1,1,2,1,2,1,1,2,1,NaN,1,NaN,44,68,1,1,1
2,1,5.3405e+005,38.2,68,32,2,2,2,1,1,1,1,3,1,NaN,1,1,43,65,NaN,NaN,1
1,1,5.3483e+005,38.5,120,60,4,3,6,2,NaN,3,NaN,NaN,NaN,NaN,NaN,NaN,54,NaN,NaN,NaN,1
1,1,5.2783e+006,39.3,64,90,2,3,1,1,NaN,3,1,1,2,NaN,NaN,NaN,39,6.7,NaN,NaN,1
1,1,5.2737e+005,38.4,80,30,4,3,1,1,3,3,3,3,3,NaN,4,5,32,6.1,3,4.3,1
1,1,5.3389e+005,38.5,60,NaN,1,1,NaN,1,NaN,1,1,NaN,NaN,NaN,NaN,NaN,33,53,1,NaN,1
1,1,5.2996e+006,38.3,60,16,3,1,1,1,2,1,1,2,2,3,1,4,30,6,1,3,1
1,1,5.2874e+005,37.1,40,8,NaN,1,4,1,3,3,1,1,1,NaN,3,3,23,6.7,3,NaN,1
2,9,5.2873e+006,NaN,100,44,2,1,1,1,4,1,1,NaN,NaN,NaN,1,NaN,37,4.7,NaN,NaN,1
1,1,5.3479e+005,38.2,48,18,1,1,1,1,3,3,3,1,2,NaN,4,NaN,48,74,1,2,1
1,1,5.2937e+005,NaN,60,48,3,3,4,2,4,3,4,NaN,NaN,NaN,NaN,NaN,58,7.6,NaN,NaN,2
2,1,5.3416e+005,37.9,88,24,1,1,2,1,2,2,1,NaN,NaN,NaN,4,1,37,56,NaN,NaN,1
2,1,5.337e+005,38,44,12,3,1,1,NaN,NaN,1,2,NaN,NaN,NaN,1,NaN,42,64,NaN,NaN,1
2,1,5.2963e+005,38.5,60,20,1,1,5,2,2,2,1,2,1,NaN,2,3,63,7.5,2,2.3,3
2,1,5.214e+005,38.5,96,36,3,3,NaN,2,2,4,2,1,2,NaN,4,5,70,8.5,NaN,NaN,2
2,1,5.3389e+005,38.3,60,20,1,1,1,2,1,3,1,NaN,NaN,NaN,3,NaN,34,66,NaN,NaN,1
2,1,5.3416e+005,38.5,60,40,3,1,2,1,2,1,2,NaN,NaN,NaN,3,2,49,59,NaN,NaN,1
1,1,5.2805e+005,37.3,48,12,1,NaN,3,1,3,1,3,2,1,NaN,3,3,40,6.6,2,NaN,1
1,1,5.2864e+005,38.5,86,NaN,1,1,3,1,4,4,3,2,1,NaN,3,5,45,7.4,1,3.4,2
1,1,5.3407e+005,37.5,48,40,NaN,NaN,NaN,NaN,NaN,NaN,NaN,1,1,NaN,NaN,5,41,55,3,2,3
2,1,5.2969e+005,37.2,36,9,1,1,1,1,2,3,1,2,1,NaN,4,1,35,5.7,NaN,NaN,1
1,1,5.2953e+005,39.2,NaN,23,3,1,3,1,4,4,2,2,NaN,NaN,NaN,NaN,36,6.6,1,3,1
2,1,5.2815e+005,38.5,100,NaN,3,3,5,2,4,3,4,2,1,NaN,4,5,NaN,NaN,NaN,NaN,3
1,1,5.3514e+005,38.5,96,30,2,3,4,2,4,4,3,2,1,NaN,3,5,50,65,NaN,NaN,1
1,1,5.303e+005,NaN,NaN,NaN,NaN,NaN,NaN,NaN,NaN,NaN,NaN,NaN,NaN,NaN,NaN,NaN,45,8.7,NaN,NaN,2
1,1,5.3534e+005,37.8,88,80,3,3,5,2,NaN,3,3,2,3,NaN,4,5,64,89,NaN,NaN,3
2,1,5.3448e+005,37.5,44,10,3,1,1,1,3,1,2,2,NaN,NaN,3,3,43,51,1,1,1
1,1,5.304e+005,37.9,68,20,NaN,1,2,1,2,4,2,NaN,NaN,NaN,1,5,45,4,3,2.8,2
1,1,5.2989e+005,38,86,24,4,3,4,1,2,4,4,1,1,NaN,4,5,45,5.5,1,10.1,2
1,9,5.2944e+006,38.9,120,30,1,3,2,2,3,3,3,3,1,3,NaN,NaN,47,6.3,1,NaN,1
1,1,5.2818e+005,37.6,45,12,3,1,3,1,NaN,2,2,2,1,NaN,1,4,39,7,2,1.5,1
2,1,5.2918e+005,38.6,56,32,2,1,1,1,1,1,1,2,NaN,NaN,2,NaN,40,7,2,2.1,1
1,1,5.2914e+005,37.8,40,12,1,1,1,1,1,2,1,2,1,NaN,1,2,38,7,NaN,NaN,1
2,1,5.2898e+005,NaN,NaN,NaN,NaN,NaN,NaN,NaN,NaN,NaN,NaN,NaN,NaN,NaN,NaN,NaN,NaN,NaN,NaN,NaN,1
1,1,5.2794e+006,38,76,18,NaN,NaN,NaN,2,NaN,NaN,NaN,NaN,NaN,NaN,NaN,NaN,71,11,NaN,NaN,1
1,1,5.3524e+005,38.1,40,36,1,2,2,1,2,2,NaN,NaN,NaN,NaN,NaN,NaN,NaN,NaN,NaN,NaN,3
1,1,5.2974e+005,NaN,52,28,3,3,4,1,3,4,3,2,1,NaN,4,4,37,8.1,NaN,NaN,1
1,1,5.3503e+005,39.2,88,58,4,4,NaN,2,5,4,NaN,NaN,NaN,NaN,NaN,NaN,NaN,NaN,2,2,3
1,1,5.3503e+005,38.5,92,40,4,3,NaN,1,2,4,3,NaN,NaN,NaN,4,NaN,46,67,2,2,1
1,1,5.288e+005,NaN,112,13,4,4,4,1,2,3,1,2,1,4.5,4,4,60,6.3,3,NaN,1
1,1,5.2818e+005,37.7,66,12,1,1,3,1,3,3,2,2,NaN,NaN,4,4,31.5,6.2,2,1.6,1
1,1,5.3539e+005,38.8,50,14,1,1,1,1,3,1,1,1,1,NaN,3,5,38,58,NaN,NaN,1
2,1,5.2893e+005,38.4,54,24,1,1,1,1,1,3,1,2,1,NaN,3,2,49,7.2,1,8,1
1,1,5.285e+005,39.2,120,20,4,3,5,2,2,3,3,1,3,NaN,NaN,4,60,8.8,3,NaN,2
1,9,5.2894e+006,NaN,NaN,NaN,NaN,NaN,NaN,NaN,NaN,NaN,NaN,NaN,NaN,NaN,NaN,NaN,45,6.5,2,NaN,1
1,1,5.352e+005,37.3,90,40,3,NaN,6,2,5,4,3,2,2,NaN,1,5,65,50,3,2,3
1,9,5.346e+005,38.5,120,70,NaN,NaN,NaN,NaN,NaN,1,NaN,2,NaN,NaN,1,NaN,35,54,1,1,1
1,1,5.3428e+005,38.5,104,40,3,3,NaN,1,4,3,4,NaN,NaN,NaN,NaN,NaN,NaN,NaN,NaN,NaN,1
2,1,5.3003e+005,39.5,92,28,3,3,6,1,5,4,1,NaN,3,NaN,4,NaN,72,6.4,NaN,3.6,2
1,1,5.2625e+006,38.5,30,18,NaN,NaN,NaN,NaN,NaN,NaN,NaN,NaN,NaN,NaN,NaN,NaN,40,7.7,NaN,NaN,1
1,1,5.3053e+005,38.3,72,30,4,3,3,2,3,3,3,2,1,NaN,3,5,43,7,2,3.9,1
2,1,5.2873e+005,37.5,48,30,4,1,3,1,NaN,2,1,1,1,NaN,1,1,48,8.6,NaN,NaN,1
1,1,5.2847e+005,38.1,52,24,1,1,5,1,4,3,1,2,3,7,1,NaN,54,7.5,2,2.6,2
2,1,5.2818e+005,38.2,42,26,1,1,1,1,3,1,2,NaN,NaN,NaN,1,NaN,36,6.9,NaN,NaN,1
2,1,5.3375e+005,37.9,54,42,2,1,5,1,3,1,1,NaN,1,NaN,NaN,2,47,54,3,1,1
2,1,5.287e+005,36.1,88,NaN,3,3,3,1,3,3,2,2,3,NaN,NaN,4,45,7,3,4.8,3
1,1,5.3418e+005,38.1,70,22,NaN,1,NaN,1,5,3,NaN,NaN,NaN,NaN,NaN,5,36,65,NaN,NaN,3
1,1,5.2916e+005,38,90,30,4,3,4,2,5,4,4,NaN,NaN,NaN,4,5,55,6.1,NaN,NaN,2
1,1,5.2905e+005,38.2,52,16,1,1,2,1,1,2,1,1,1,NaN,1,NaN,43,8.1,NaN,NaN,1
1,1,5.3035e+005,NaN,36,32,1,1,4,1,5,3,3,2,3,4,NaN,4,41,5.9,NaN,NaN,2
1,1,5.2811e+006,38.4,92,20,1,NaN,NaN,2,NaN,3,3,NaN,NaN,NaN,1,NaN,NaN,NaN,NaN,NaN,1
1,9,5.2914e+006,38.2,124,88,1,3,2,1,2,3,4,NaN,NaN,NaN,NaN,NaN,47,8,1,NaN,1
2,1,5.289e+005,NaN,96,NaN,3,3,3,2,5,4,4,NaN,1,NaN,4,5,60,NaN,NaN,NaN,2
1,1,5.3037e+005,37.6,68,32,3,NaN,3,1,4,2,4,2,2,6.5,1,5,47,7.2,1,NaN,1
1,1,5.3017e+005,38.1,88,24,3,3,4,1,5,4,3,2,1,NaN,3,4,41,4.6,NaN,NaN,2
1,1,5.2771e+005,38,108,60,2,3,4,1,4,3,3,2,NaN,NaN,3,4,NaN,NaN,3,NaN,1
2,1,5.2817e+005,38.2,48,NaN,2,NaN,1,2,3,3,1,2,1,NaN,NaN,2,34,6.6,NaN,NaN,1
1,1,5.3504e+005,39.3,100,51,4,4,6,1,2,4,1,1,3,2,NaN,4,66,13,3,2,3
2,1,5.2794e+005,36.6,42,18,3,3,2,1,1,4,1,1,1,NaN,NaN,5,52,7.1,NaN,NaN,2
1,9,5.2917e+006,38.8,124,36,3,1,2,1,2,3,4,1,1,NaN,4,4,50,7.6,3,NaN,2
2,1,5.3056e+005,NaN,112,24,3,3,4,2,5,4,2,NaN,NaN,NaN,4,NaN,40,5.3,3,2.6,1
1,1,5.3374e+005,NaN,80,NaN,3,3,3,1,4,4,4,NaN,NaN,NaN,4,5,43,70,NaN,NaN,1
1,9,5.2945e+006,38.8,184,84,1,NaN,1,1,4,1,3,NaN,NaN,NaN,2,NaN,33,3.3,NaN,NaN,2
1,1,5.3387e+005,37.5,72,NaN,2,1,1,1,2,1,1,1,1,NaN,1,NaN,35,65,2,2,3
1,1,5.2981e+005,38.7,96,28,3,3,4,1,NaN,4,NaN,NaN,3,7.5,NaN,NaN,64,9,NaN,NaN,2
2,1,5.3472e+005,37.5,52,12,1,1,1,1,2,3,2,2,1,NaN,3,5,36,61,1,1,1
1,1,5.2773e+005,40.8,72,42,3,3,1,1,2,3,1,2,1,NaN,NaN,NaN,54,7.4,3,NaN,2
2,1,5.3493e+005,38,40,25,NaN,1,1,1,4,3,2,1,1,NaN,4,NaN,37,69,NaN,NaN,1
2,1,5.293e+005,38.4,48,16,2,1,1,1,1,NaN,2,2,1,NaN,NaN,2,39,6.5,NaN,NaN,1
2,9,5.3056e+006,38.6,88,28,NaN,NaN,NaN,NaN,NaN,NaN,NaN,NaN,NaN,NaN,NaN,NaN,35,5.9,NaN,NaN,1
1,1,5.2874e+005,37.1,75,36,NaN,NaN,3,2,4,4,2,2,3,5,4,4,48,7.4,3,3.2,2
1,1,5.3048e+005,38.3,44,21,3,1,2,1,3,3,3,2,1,NaN,1,5,44,6.5,2,4.4,1
2,1,5.2859e+005,NaN,56,68,3,1,1,1,3,3,1,2,1,NaN,1,NaN,40,6,NaN,NaN,3
2,1,5.2987e+005,38.6,68,20,2,1,3,1,3,3,2,1,1,NaN,1,5,38,6.5,1,NaN,1
2,1,5.2783e+005,38.3,54,18,3,1,2,1,2,3,2,NaN,3,5.4,NaN,4,44,7.2,3,NaN,1
1,1,5.344e+005,38.2,42,20,NaN,NaN,1,1,NaN,3,NaN,NaN,NaN,NaN,3,NaN,47,60,NaN,NaN,1
1,1,5.2788e+005,39.3,64,90,2,3,1,1,NaN,3,1,1,2,6.5,1,5,39,6.7,NaN,NaN,1
1,1,5.2857e+005,37.5,60,50,3,3,1,1,3,3,2,2,2,3.5,3,4,35,6.5,NaN,NaN,2
1,1,5.3463e+005,37.7,80,NaN,3,3,6,1,5,4,1,2,3,NaN,3,1,50,55,3,2,1
1,1,5.298e+005,NaN,100,30,3,3,4,2,5,4,4,3,3,NaN,4,4,52,6.6,NaN,NaN,1
1,1,5.2864e+005,37.7,120,28,3,3,3,1,5,3,3,1,1,NaN,NaN,NaN,65,7,3,NaN,2
1,1,5.3462e+005,NaN,76,NaN,NaN,3,NaN,NaN,NaN,4,4,NaN,NaN,NaN,NaN,5,NaN,NaN,NaN,NaN,3
1,9,5.2972e+006,38.8,150,50,1,3,6,2,5,3,2,1,1,NaN,NaN,NaN,50,6.2,NaN,NaN,2
1,1,5.3479e+005,38,36,16,3,1,1,1,4,2,2,3,3,2,3,NaN,37,75,2,1,3
2,1,5.2862e+005,36.9,50,40,2,3,3,1,1,3,2,3,1,7,NaN,NaN,37.5,6.5,NaN,NaN,1
2,1,5.2802e+005,37.8,40,16,1,1,1,1,1,1,1,NaN,NaN,NaN,1,1,37,6.8,NaN,NaN,1
2,1,5.2917e+005,38.2,56,40,4,3,1,1,2,4,3,2,2,7.5,NaN,NaN,47,7.2,1,2.5,1
1,1,5.3464e+005,38.6,48,12,NaN,NaN,1,NaN,1,1,NaN,NaN,NaN,NaN,NaN,NaN,36,67,NaN,NaN,1
2,1,5.3062e+005,40,78,NaN,3,3,5,1,2,3,1,1,1,NaN,4,1,66,6.5,NaN,NaN,2
1,1,5.2754e+005,NaN,70,16,3,4,5,2,2,3,2,2,1,NaN,4,5,60,7.5,NaN,NaN,2
1,1,5.2776e+005,38.2,72,18,NaN,NaN,NaN,NaN,NaN,NaN,NaN,NaN,NaN,NaN,NaN,NaN,35,6.4,NaN,NaN,1
2,1,5.3044e+005,38.5,54,NaN,1,1,1,1,3,1,1,2,1,NaN,1,NaN,40,6.8,2,7,1
1,1,5.2834e+006,38.5,66,24,1,1,1,1,3,3,1,2,1,NaN,4,5,40,6.7,1,NaN,1
2,1,5.2752e+006,37.8,82,12,3,1,1,2,4,NaN,3,1,3,NaN,NaN,NaN,50,7,NaN,NaN,3
2,9,5.3051e+006,39.5,84,30,NaN,NaN,NaN,1,NaN,NaN,NaN,NaN,NaN,NaN,NaN,NaN,28,5,NaN,NaN,1
1,1,5.2943e+005,NaN,NaN,NaN,NaN,NaN,NaN,NaN,NaN,NaN,NaN,NaN,NaN,NaN,NaN,NaN,NaN,NaN,NaN,NaN,1
1,1,5.2913e+005,38,50,36,NaN,1,1,1,3,2,2,NaN,NaN,NaN,3,NaN,39,6.6,1,5.3,1
2,1,5.3505e+005,38.6,45,16,2,1,2,1,1,1,NaN,NaN,NaN,NaN,1,1,43,58,NaN,NaN,1
1,1,5.2889e+005,38.9,80,44,3,3,3,1,2,3,3,2,2,7,3,1,54,6.5,3,NaN,2
1,1,5.3003e+005,37,66,20,1,3,2,1,4,3,3,1,NaN,NaN,1,5,35,6.9,2,NaN,2
1,1,5.34e+005,NaN,78,24,3,3,3,1,NaN,3,NaN,2,1,NaN,NaN,4,43,62,NaN,2,3
2,1,5.339e+005,38.5,40,16,1,1,1,1,2,1,1,NaN,NaN,NaN,3,2,37,67,NaN,NaN,1
1,1,5.3389e+005,NaN,120,70,4,NaN,4,2,2,4,NaN,NaN,NaN,NaN,NaN,5,55,65,NaN,NaN,3
2,1,5.277e+005,37.2,72,24,3,2,4,2,4,3,3,3,1,NaN,4,4,44,NaN,3,3.3,3
1,1,5.2939e+005,37.5,72,30,4,3,4,1,4,4,3,2,1,NaN,3,5,60,6.8,NaN,NaN,2
1,1,5.3061e+005,36.5,100,24,3,3,3,1,3,3,3,3,1,NaN,4,4,50,6,3,3.4,1
1,1,5.3462e+005,37.2,40,20,NaN,NaN,NaN,NaN,NaN,NaN,NaN,NaN,NaN,NaN,4,1,36,62,1,1,3
2,1,5.2863e+005,38.5,54,20,NaN,1,2,2,3,4,1,2,2,5.9,NaN,2,42,6.3,NaN,NaN,1
2,1,5.2795e+005,37.6,48,36,NaN,NaN,1,1,NaN,3,NaN,NaN,NaN,NaN,NaN,NaN,44,6.3,1,5,1
1,1,5.3526e+005,37.7,44,28,NaN,4,3,2,5,4,4,1,1,NaN,3,5,45,70,3,2,1
1,1,5.3452e+005,37,56,24,3,1,4,2,4,4,3,1,1,NaN,NaN,NaN,35,61,3,2,3
2,1,5.2893e+005,38,42,12,3,NaN,3,1,1,NaN,1,NaN,NaN,NaN,NaN,2,37,5.8,NaN,NaN,1
1,1,5.3492e+005,NaN,60,40,3,NaN,1,1,NaN,4,NaN,3,2,NaN,NaN,5,42,72,NaN,NaN,1
2,1,5.2764e+005,38.4,80,60,3,2,2,1,3,2,1,2,2,NaN,1,1,54,6.9,NaN,NaN,1
2,1,5.2798e+006,37.8,48,12,2,1,2,1,3,NaN,1,2,NaN,NaN,2,NaN,48,7.3,1,NaN,1
NaN,1,5.3479e+005,38,65,40,NaN,1,4,2,2,NaN,NaN,NaN,NaN,NaN,NaN,5,NaN,NaN,NaN,NaN,NaN
2,1,5.2752e+006,37.9,45,36,3,3,3,2,2,3,1,2,1,NaN,3,NaN,33,5.7,3,NaN,1
2,1,5.2783e+006,39,84,12,3,1,5,1,2,4,2,1,2,7,NaN,4,62,5.9,2,2.2,2
2,1,5.2896e+005,38.2,60,24,3,1,3,2,3,3,2,3,3,NaN,4,4,53,7.5,2,1.4,1
1,1,5.3492e+005,NaN,140,NaN,NaN,NaN,4,2,5,4,4,1,1,NaN,NaN,5,30,69,NaN,NaN,2
1,1,5.29e+005,37.9,120,60,3,3,3,1,5,4,4,2,2,7.5,4,5,52,6.6,3,1.8,2
2,1,5.2807e+005,38,72,36,1,1,3,1,3,NaN,2,2,1,NaN,3,5,38,6.8,2,2,1
2,9,5.2913e+006,38,92,28,1,1,2,1,1,3,2,3,NaN,7.2,NaN,NaN,37,6.1,1,1.1,1
1,1,5.2948e+005,38.3,66,30,2,3,1,1,2,4,3,3,2,8.5,4,5,37,6,NaN,NaN,1
2,1,5.2999e+005,37.5,48,24,3,1,1,1,2,1,NaN,1,1,NaN,3,2,43,6,1,2.8,1
1,1,5.3003e+005,37.5,88,20,2,3,3,1,4,3,3,NaN,NaN,NaN,NaN,NaN,35,6.4,1,NaN,2
2,9,5.299e+006,NaN,150,60,4,4,4,2,5,4,4,NaN,NaN,NaN,NaN,NaN,NaN,NaN,NaN,NaN,2
1,1,5.345e+005,39.7,100,30,NaN,NaN,6,2,4,4,3,1,NaN,NaN,4,5,65,75,NaN,NaN,3
1,1,5.2837e+005,38.3,80,NaN,3,3,4,2,5,4,3,2,1,NaN,4,4,45,7.5,2,4.6,1
2,1,5.3011e+005,37.5,40,32,3,1,3,1,3,2,3,2,1,NaN,NaN,5,32,6.4,1,1.1,1
1,1,5.3024e+005,38.4,84,30,3,1,5,2,4,3,3,2,3,6.5,4,4,47,7.5,3,NaN,2
1,1,5.3051e+005,38.1,84,44,4,NaN,4,2,5,3,1,1,3,5,NaN,4,60,6.8,NaN,5.7,2
2,1,5.2957e+005,38.7,52,NaN,1,1,1,1,1,3,1,NaN,NaN,NaN,1,3,4,74,NaN,NaN,1
2,1,5.296e+005,38.1,44,40,2,1,3,1,3,3,1,NaN,NaN,NaN,1,3,35,6.8,NaN,NaN,1
2,1,5.3443e+005,38.4,52,20,2,1,3,1,1,3,2,2,1,NaN,3,5,41,63,1,1,1
1,1,5.2963e+005,38.2,60,NaN,1,NaN,3,1,2,1,1,1,1,NaN,4,4,43,6.2,2,3.9,1
2,1,5.2838e+005,37.7,40,18,1,1,1,NaN,3,2,1,1,1,NaN,3,3,36,3.5,NaN,NaN,1
1,1,5.349e+005,39.1,60,10,NaN,1,1,NaN,2,3,NaN,NaN,NaN,NaN,4,4,NaN,NaN,NaN,NaN,1
2,1,5.2962e+005,37.8,48,16,1,1,1,1,NaN,1,1,2,1,NaN,4,3,43,7.5,NaN,NaN,1
1,1,5.2609e+005,39,120,NaN,4,3,5,2,2,4,3,2,3,8,NaN,NaN,65,8.2,3,4.6,1
1,1,5.2977e+005,38.2,76,NaN,2,3,2,1,5,3,3,1,2,6,1,5,35,6.5,2,0.9,1
2,1,5.2831e+005,38.3,88,NaN,NaN,NaN,6,NaN,NaN,NaN,NaN,NaN,NaN,NaN,NaN,NaN,NaN,NaN,NaN,NaN,2
1,1,5.2993e+005,38,80,30,3,3,3,1,NaN,NaN,NaN,NaN,NaN,6,NaN,NaN,48,8.3,NaN,4.3,1
1,1,5.2781e+005,NaN,NaN,NaN,3,1,1,1,2,3,3,1,3,6,4,4,NaN,NaN,2,NaN,2
1,1,5.2814e+006,37.6,40,NaN,1,1,1,1,1,1,1,NaN,NaN,NaN,1,1,NaN,NaN,2,2.1,1
2,1,5.307e+005,37.5,44,NaN,1,1,1,1,3,3,2,NaN,NaN,NaN,NaN,NaN,45,5.8,2,1.4,1
2,1,5.3389e+005,38.2,42,16,1,1,3,1,1,3,1,NaN,NaN,NaN,1,NaN,35,60,1,1,1
2,1,5.3382e+005,38,56,44,3,3,3,NaN,NaN,1,1,2,1,NaN,4,NaN,47,70,2,1,1
2,1,5.2766e+005,38.3,45,20,3,3,2,2,2,4,1,2,NaN,NaN,4,NaN,NaN,NaN,NaN,NaN,1
1,1,5.2625e+006,NaN,48,96,1,1,3,1,NaN,4,1,2,1,NaN,1,4,42,8,1,NaN,1
1,1,5.2827e+005,37.7,55,28,2,1,2,1,2,3,3,NaN,3,5,4,5,NaN,NaN,NaN,NaN,1
2,1,5.2892e+005,36,100,20,4,3,6,2,2,4,3,1,1,NaN,4,5,74,5.7,2,2.5,3
1,1,5.2749e+005,37.1,60,20,2,NaN,4,1,3,NaN,3,NaN,2,5,3,4,64,8.5,2,NaN,1
2,1,5.2998e+005,37.1,114,40,3,NaN,3,2,2,2,1,NaN,NaN,NaN,NaN,3,32,NaN,3,6.5,1
1,1,5.3395e+005,38.1,72,30,3,3,3,1,4,4,3,2,1,NaN,3,5,37,56,3,1,1
1,1,5.2811e+006,37,44,12,3,1,1,2,1,1,1,NaN,NaN,NaN,4,2,40,6.7,3,8,1
1,1,5.3469e+005,38.6,48,20,3,1,1,1,4,3,1,NaN,NaN,NaN,3,NaN,37,75,NaN,NaN,1
1,1,5.3448e+005,NaN,82,72,3,1,4,1,2,3,3,NaN,3,NaN,4,4,53,65,3,2,3
1,9,5.2749e+006,38.2,78,60,4,4,6,NaN,3,3,3,NaN,NaN,NaN,1,NaN,59,5.8,3,3.1,2
2,1,5.3382e+005,37.8,60,16,1,1,3,1,2,3,2,1,2,NaN,3,NaN,41,73,NaN,NaN,3
1,1,5.3416e+005,38.7,34,30,2,NaN,3,1,2,3,NaN,NaN,NaN,NaN,NaN,NaN,33,69,NaN,2,3
1,1,5.1428e+005,NaN,36,12,1,1,1,1,1,2,1,1,1,NaN,1,5,44,NaN,NaN,NaN,1
2,1,5.2843e+005,38.3,44,60,NaN,NaN,1,1,NaN,NaN,NaN,NaN,NaN,NaN,NaN,NaN,6.4,36,NaN,NaN,1
2,1,5.2747e+005,37.4,54,18,3,NaN,1,1,3,4,3,2,2,NaN,4,5,30,7.1,2,NaN,1
1,1,5.3427e+005,NaN,NaN,NaN,4,3,NaN,2,2,4,1,NaN,NaN,NaN,NaN,NaN,54,76,3,2,1
1,1,5.3534e+005,36.6,48,16,3,1,3,1,4,1,1,1,1,NaN,NaN,NaN,27,56,NaN,NaN,3
1,1,5.3411e+005,38.5,90,NaN,1,1,3,1,3,3,3,2,3,2,4,5,47,79,NaN,NaN,1
1,1,5.3058e+005,NaN,75,12,1,1,4,1,5,3,3,NaN,3,5.8,NaN,NaN,58,8.5,1,NaN,1
2,1,5.2993e+005,38.2,42,NaN,3,1,1,1,1,1,2,2,1,NaN,3,2,35,5.9,2,NaN,1
1,9,5.2749e+006,38.2,78,60,4,4,6,NaN,3,3,3,NaN,NaN,NaN,1,NaN,59,5.8,3,3.1,2
2,1,5.297e+005,38.6,60,30,1,1,3,1,4,2,2,1,1,NaN,NaN,NaN,40,6,1,NaN,1
2,1,5.2845e+005,37.8,42,40,1,1,1,1,1,3,1,NaN,NaN,NaN,3,3,36,6.2,NaN,NaN,1
1,1,5.3478e+005,38,60,12,1,1,2,1,2,1,1,1,1,NaN,1,4,44,65,3,2,3
2,1,5.2893e+005,38,42,12,3,NaN,3,1,1,1,1,NaN,NaN,NaN,NaN,1,37,5.8,NaN,NaN,1
2,1,5.3067e+005,37.6,88,36,3,1,1,1,3,3,2,1,3,1.5,NaN,NaN,44,6,NaN,NaN,2
